code;name
0;MEMBROS DAS FORÇAS ARMADAS, POLICIAIS E BOMBEIROS MILITARES
01;MEMBROS DAS FORÇAS ARMADAS
010;MEMBROS DAS FORÇAS ARMADAS
0101;Oficiais generais das forças armadas
010105;Oficial general da aeronáutica
010110;Oficial general do exército
010115;Oficial general da marinha
0102;Oficiais das forças armadas
010205;Oficial da aeronáutica
010210;Oficial do exército
010215;Oficial da marinha
0103;Praças das forças armadas
010305;Praça da aeronáutica
010310;Praça do exército
010315;Praça da marinha
02;POLICIAIS MILITARES
020;OFICIAIS DE POLÍCIA MILITAR
0201;Oficiais superiores da polícia militar
020105;Coronel da polícia militar
020110;Tenente-coronel da polícia militar
020115;Major da polícia militar
0202;Capitães da polícia militar
020205;Capitão da polícia militar
0203;Tenentes da polícia militar
020305;Primeiro tenente de polícia militar
020310;Segundo tenente de polícia militar
021;PRAÇAS DE POLÍCIA MILITAR
0211;Subtenentes e sargentos da policia militar
021105;Subtenente da policia militar
021110;Sargento da policia militar
0212;Cabos e soldados da polícia militar
021205;Cabo da polícia militar
021210;Soldado da polícia militar
03;BOMBEIROS MILITARES
030;OFICIAIS DE BOMBEIRO MILITAR
0301;Oficiais superiores do corpo de bombeiros militar
030105;Coronel bombeiro militar
030110;Major bombeiro militar
030115;Tenente-coronel bombeiro militar
0302;Oficiais intermediários do corpo de bombeiros militar
030205;Capitão bombeiro militar
0303;Tenentes do corpo de bombeiros militar
030305;Tenente do corpo de bombeiros militar
031;PRAÇAS DE BOMBEIRO MILITAR
0311;Subtenentes e sargentos do corpo de bombeiros militar
031105;Subtenente bombeiro militar
031110;Sargento bombeiro militar
0312;Cabos e soldados do corpo de bombeiros militar
031205;Cabo bombeiro militar
031210;Soldado bombeiro militar
1;MEMBROS SUPERIORES DO PODER PÚBLICO, DIRIGENTES DE ORGANIZAÇÕES DE INTERESSE PÚBLICO E DE EMPRESAS, GERENTES
11;MEMBROS SUPERIORES E DIRIGENTES DO PODER PÚBLICO
111;MEMBROS SUPERIORES DO PODER LEGISLATIVO, EXECUTIVO E JUDICIÁRIO
1111;Legisladores
111105;Senador
111110;Deputado federal
111115;Deputado estadual e distrital
111120;Vereador
1112;Dirigentes gerais da administração pública
111205;Presidente da república
111210;Vice-presidente da república
111215;Ministro de estado
111220;Secretário - executivo
111225;Membro superior do poder executivo
111230;Governador de estado
111235;Governador do distrito federal
111240;Vice-governador de estado
111245;Vice-governador do distrito federal
111250;Prefeito
111255;Vice-prefeito
1113;Magistrados
111305;Ministro do supremo tribunal federal
111310;Ministro do superior tribunal de justiça
111315;Ministro do superior tribunal militar
111320;Ministro do superior tribunal do trabalho
111325;Juiz de direito
111330;Juiz federal
111335;Juiz auditor federal - justiça militar
111340;Juiz auditor estadual - justiça militar
111345;Juiz do trabalho
1114;Dirigentes do serviço público
111405;Dirigente do serviço público federal
111410;Dirigente do serviço público estadual e distrital
111415;Dirigente do serviço público municipal
1115;Gestores públicos
111505;Especialista de políticas públicas e gestão governamental - eppgg
111510;Analista de planejamento e orçamento - apo
113;CHEFES DE PEQUENAS POPULAÇÕES
1130;Dirigentes de povos indígenas, de quilombolas e caiçaras
113005;Cacique
113010;Líder de comunidade caiçara
121;DIRETORES GERAIS
113015;Membro de liderança quilombola
114;DIRIGENTES E ADMINISTRADORES DE ORGANIZAÇÃO DE INTERESSE PÚBLICO
1141;Dirigentes de partidos políticos
114105;Dirigente de partido político
1142;Dirigentes e administradores de entidades patronais e dos trabalhadores e de outros interesses sócioeconômicos
114205;Dirigentes de entidades de trabalhadores
114210;Dirigentes de entidades patronais
1143;Dirigentes e administradores de entidades religiosas
114305;Dirigente e administrador de organização religiosa
1144;Dirigentes e administradores de organizações da sociedade civil sem fins lucrativos
114405;Dirigente e administrador de organização da sociedade civil sem fins lucrativos
12;DIRIGENTES DE EMPRESAS E ORGANIZAÇÕES (EXCETO DE INTERESSE PÚBLICO)
1210;Diretores gerais
121005;Diretor de planejamento estratégico
121010;Diretor geral de empresa e organizações (exceto de interesse público)
122;DIRETORES DE PRODUÇÃO E OPERAÇÕES
1221;Diretores de produção e operações em empresa agropecuária, pesqueira , aqüícola e florestal
122105;Diretor de produção e operações em empresa agropecuária
122110;Diretor de produção e operações em empresa aqüícola
122115;Diretor de produção e operações em empresa florestal
122120;Diretor de produção e operações em empresa pesqueira
1222;Diretores de produção e operações em empresa da indústria extrativa, transformação e de serviços de utilidade pública
122205;Diretor de produção e operações da indústria de transformação, extração mineral e utilidades
1223;Diretores de operações de obras em empresa de construção
122305;Diretor de operações de obras pública e civil
1224;Diretores de operações em empresa do comércio
122405;Diretor de operações comerciais (comércio atacadista e varejista)
1225;Diretores de operações de serviços em empresa de turismo, de alojamento e de alimentação
122505;Diretor de produção e operações de alimentação
122510;Diretor de produção e operações de hotel
122515;Diretor de produção e operações de turismo
1226;Diretores de operações de serviços em empresa de armazenamento, de transporte e de telecomunicação
122605;Diretor de operações de correios
122610;Diretor de operações de serviços de armazenamento
122615;Diretor de operações de serviços de telecomunicações
122620;Diretor de operações de serviços de transporte
1227;Diretores de operações de serviços em instituição de intermediação financeira
122705;Diretor comercial em operações de intermediação financeira
122710;Diretor de produtos bancários
122715;Diretor de crédito rural
122720;Diretor de câmbio e comércio exterior
122725;Diretor de compliance
122730;Diretor de crédito (exceto crédito imobiliário)
122735;Diretor de crédito imobiliário
122740;Diretor de leasing
122745;Diretor de mercado de capitais
122750;Diretor de recuperação de créditos em operações de intermediação financeira
122755;Diretor de riscos de mercado
123;DIRETORES DE ÁREAS DE APOIO
1231;Diretores administrativos e financeiros
123105;Diretor administrativo
123110;Diretor administrativo e financeiro
123115;Diretor financeiro
1232;Diretores de recursos humanos e relações de trabalho
123205;Diretor de recursos humanos
123210;Diretor de relações de trabalho
1233;Diretores de comercialização e marketing
123305;Diretor comercial
123310;Diretor de marketing
1234;Diretores de suprimentos e afins
123405;Diretor de suprimentos
123410;Diretor de suprimentos no serviço público
1236;Diretores de serviços de informática
123605;Diretor de serviços de informática
1237;Diretores de pesquisa e desenvolvimento
1238;Diretores de manutenção
123705;Diretor de pesquisa e desenvolvimento (p&d)
123805;Diretor de manutenção
13;DIRETORES E GERENTES EM EMPRESA DE SERVIÇOS DE SAÚDE, DA EDUCAÇÃO, OU DE SERVIÇOS CULTURAIS, SOCIAIS OU PESSOAIS
131;DIRETORES E GERENTES EM EMPRESA DE SERVIÇOS DE SAÚDE, DE EDUCAÇÃO, OU DE SERVIÇOS CULTURAIS, SOCIAIS OU PESSOAIS
1311;Diretores e gerentes de operações em empresa de serviços pessoais, sociais e culturais
131105;Diretor de serviços culturais
131110;Diretor de serviços sociais
131115;Gerente de serviços culturais
131120;Gerente de serviços sociais
1312;Diretores e gerentes de operações em empresa de serviços de saúde e afins
131205;Diretor de serviços de saúde
131210;Gerente de serviços de saúde
1313;Diretores e gerentes de instituição de serviços educacionais
131305;Diretor de instituição educacional da área privada
131310;Diretor de instituição educacional pública
131315;Gerente de instituição educacional da área privada
131320;Gerente de serviços educacionais da área pública
14;GERENTES
141;GERENTES DE PRODUÇÃO E OPERAÇÕES
1411;Gerentes de produção e operações em empresa agropecuária, pesqueira, aqüícola e florestal
141105;Gerente de produção e operações aqüícolas
141110;Gerente de produção e operações florestais
141115;Gerente de produção e operações agropecuárias
141120;Gerente de produção e operações pesqueiras
1412;Gerentes de produção e operações em empresa da indústria extrativa, de transformação e de serviços de utilidade pública
141205;Gerente de produção e operações
1413;Gerentes de obras em empresa de construção
141305;Gerente de produção e operações da construção civil e obras públicas
1414;Gerentes de operações comerciais e de assistência técnica
141405;Comerciante atacadista
141410;Comerciante varejista
141415;Gerente de loja e supermercado
141420;Gerente de operações de serviços de assistência técnica
1415;Gerentes de operações de serviços em empresa de turismo, de alojamento e alimentação
141505;Gerente de hotel
141510;Gerente de restaurante
141515;Gerente de bar
141520;Gerente de pensão
1416;Gerentes de operações de serviços em empresa de transporte, de comunicação e de logística (armazenagem e distribuição)
141605;Gerente de operações de transportes
141610;Gerente de operações de correios e telecomunicações
141615;Gerente de logística (armazenagem e distribuição)
1417;Gerentes de operações de serviços em instituição de intermediação financeira
141705;Gerente de produtos bancários
141710;Gerente de agência
141715;Gerente de câmbio e comércio exterior
141720;Gerente de crédito e cobrança
141725;Gerente de crédito imobiliário
141730;Gerente de crédito rural
141735;Gerente de recuperação de crédito
142;GERENTES DE ÁREAS DE APOIO
1421;Gerentes administrativos, financeiros, de riscos e afins
142105;Gerente administrativo
142110;Gerente de riscos
142115;Gerente financeiro
1422;Gerentes de recursos humanos e de relações do trabalho
142205;Gerente de recursos humanos
142210;Gerente de departamento pessoal
1423;Gerentes de comercialização, marketing e comunicação
142305;Gerente comercial
142310;Gerente de comunicação
142315;Gerente de marketing
142320;Gerente de vendas
1424;Gerentes de suprimentos e afins
142405;Gerente de compras
142410;Gerente de suprimentos
142415;Gerente de almoxarifado
1425;Gerentes de tecnologia da informação
142505;Gerente de rede
142510;Gerente de desenvolvimento de sistemas
142515;Gerente de produção de tecnologia da informação
142520;Gerente de projetos de tecnologia da informação
1427;Gerentes de manutenção e afins
211105;Atuário
142525;Gerente de segurança de tecnologia da informação
142530;Gerente de suporte técnico de tecnologia da informação
1426;Gerentes de pesquisa e desenvolvimento e afins
142605;Gerente de pesquisa e desenvolvimento (p&d)
142610;Especialista em desenvolvimento de cigarros
142705;Gerente de projetos e serviços de manutenção
2;PROFISSIONAIS DAS CIÊNCIAS E DAS ARTES
20;PESQUISADORES E PROFISSIONAIS POLICIENTÍFICOS
201;PROFISSIONAIS DA BIOTECNOLOGIA E METROLOGIA
2011;Profissionais da biotecnologia
201105;Bioengenheiro
201110;Biotecnologista
201115;Geneticista
2012;Profissionais da metrologia
201205;Pesquisador em metrologia
201210;Especialista em calibrações metrológicas
201215;Especialista em ensaios metrológicos
201220;Especialista em instrumentação metrológica
201225;Especialista em materiais de referência metrológica
202;PROFISSIONAIS DA ELETROMECÂNICA
2021;Engenheiros mecatrônicos
202105;Engenheiro mecatrônico
203;PESQUISADORES
2030;Pesquisadores das ciências biológicas
203005;Pesquisador em biologia ambiental
203010;Pesquisador em biologia animal
203015;Pesquisador em biologia de microorganismos e parasitas
203020;Pesquisador em biologia humana
203025;Pesquisador em biologia vegetal
2031;Pesquisadores das ciências naturais e exatas
203105;Pesquisador em ciências da computação e informática
203110;Pesquisador em ciências da terra e meio ambiente
203115;Pesquisador em física
203120;Pesquisador em matemática
203125;Pesquisador em química
2032;Pesquisadores de engenharia e tecnologia
203205;Pesquisador de engenharia civil
203210;Pesquisador de engenharia e tecnologia (outras áreas da engenharia)
203215;Pesquisador de engenharia elétrica e eletrônica
203220;Pesquisador de engenharia mecânica
203225;Pesquisador de engenharia metalúrgica, de minas e de materiais
203230;Pesquisador de engenharia química
2033;Pesquisadores das ciências da saúde
203305;Pesquisador de clínica médica
203310;Pesquisador de medicina básica
203315;Pesquisador em medicina veterinária
203320;Pesquisador em saúde coletiva
2034;Pesquisadores das ciências da agricultura
203405;Pesquisador em ciências agronômicas
203410;Pesquisador em ciências da pesca e aqüicultura
203415;Pesquisador em ciências da zootecnia
203420;Pesquisador em ciências florestais
2035;Pesquisadores das ciências sociais e humanas
203505;Pesquisador em ciências sociais e humanas
203510;Pesquisador em economia
203515;Pesquisador em ciências da educação
203520;Pesquisador em história
203525;Pesquisador em psicologia
204;PROFISSIONAIS DE INVESTIGAÇÃO CRIMINAL
2041;Peritos criminais
204105;Perito criminal
21;PROFISSIONAIS DAS CIÊNCIAS EXATAS, FÍSICAS E DA ENGENHARIA
211;MATEMÁTICOS, ESTATÍSTICOS E AFINS
2111;Profissionais da matemática
211110;Especialista em pesquisa operacional
211115;Matemático
211120;Matemático aplicado
2112;Profissionais de estatística
211205;Estatístico
211210;Estatístico (estatística aplicada)
211215;Estatístico teórico
212;PROFISSIONAIS DA INFORMÁTICA
2122;Engenheiros em computação
212205;Engenheiro de aplicativos em computação
212210;Engenheiro de equipamentos em computação
212215;Engenheiros de sistemas operacionais em computação
2123;Administradores de tecnologia da informação
212305;Administrador de banco de dados
212310;Administrador de redes
212315;Administrador de sistemas operacionais
2124;Analistas de tecnologia da informação
212405;Analista de desenvolvimento de sistemas
212410;Analista de redes e de comunicação de dados
212415;Analista de sistemas de automação
212420;Analista de suporte computacional
213;FÍSICOS, QUÍMICOS E AFINS
2131;Físicos
213105;Físico
213110;Físico (acústica)
213115;Físico (atômica e molecular)
213120;Físico (cosmologia)
213125;Físico (estatística e matemática)
213130;Físico (fluidos)
213135;Físico (instrumentação)
213140;Físico (matéria condensada)
213145;Físico (materiais)
213150;Físico (medicina)
213155;Físico (nuclear e reatores)
213160;Físico (óptica)
213165;Físico (partículas e campos)
213170;Físico (plasma)
213175;Físico (térmica)
2132;Químicos
213205;Químico
213210;Químico industrial
2133;Profissionais das ciências atmosféricas e espaciais e de astronomia
213305;Astrônomo
213310;Geofísico espacial
213315;Meteorologista
2134;Geólogos, oceanógrafos, geofísicos e afins
213405;Geólogo
213410;Geólogo de engenharia
213415;Geofísico
213420;Geoquímico
213425;Hidrogeólogo
213430;Paleontólogo
213435;Petrógrafo
213440;Oceanógrafo
214;ENGENHEIROS, ARQUITETOS E AFINS
2141;Arquitetos e urbanistas
214105;Arquiteto de edificações
214110;Arquiteto de interiores
214115;Arquiteto de patrimônio
214120;Arquiteto paisagista
214125;Arquiteto urbanista
214130;Urbanista
2142;Engenheiros civis e afins
214205;Engenheiro civil
214210;Engenheiro civil (aeroportos)
214215;Engenheiro civil (edificações)
214220;Engenheiro civil (estruturas metálicas)
214225;Engenheiro civil (ferrovias e metrovias)
214230;Engenheiro civil (geotécnia)
214235;Engenheiro civil (hidrologia)
214240;Engenheiro civil (hidráulica)
214245;Engenheiro civil (pontes e viadutos)
214250;Engenheiro civil (portos e vias navegáveis)
214255;Engenheiro civil (rodovias)
214260;Engenheiro civil (saneamento)
214265;Engenheiro civil (túneis)
214270;Engenheiro civil (transportes e trânsito)
214005;Engenheiro ambiental
2143;Engenheiros eletricistas, eletrônicos e afins
214305;Engenheiro eletricista
214310;Engenheiro eletrônico
214315;Engenheiro eletricista de manutenção
214320;Engenheiro eletricista de projetos
214325;Engenheiro eletrônico de manutenção
214330;Engenheiro eletrônico de projetos
214335;Engenheiro de manutenção de telecomunicações
214340;Engenheiro de telecomunicações
214345;Engenheiro projetista de telecomunicações
214350;Engenheiro de redes de comunicação
214355;Engenheiro de controle e automação
214360;Tecnólogo em eletricidade
214365;Tecnólogo em eletrônica
2144;Engenheiros mecânicos e afins
214405;Engenheiro mecânico
214410;Engenheiro mecânico automotivo
214415;Engenheiro mecânico (energia nuclear)
214420;Engenheiro mecânico industrial
214425;Engenheiro aeronáutico
214430;Engenheiro naval
2145;Engenheiros químicos e afins
214505;Engenheiro químico
214510;Engenheiro químico (indústria química)
214515;Engenheiro químico (mineração, metalurgia, siderurgia, cimenteira e cerâmica)
214520;Engenheiro químico (papel e celulose)
214525;Engenheiro químico (petróleo e borracha)
214530;Engenheiro químico (utilidades e meio ambiente)
2146;Engenheiros metalurgistas, de materiais e afins
214605;Engenheiro de materiais
214610;Engenheiro metalurgista
2147;Engenheiros de minas e afins
214705;Engenheiro de minas
214710;Engenheiro de minas (beneficiamento)
214715;Engenheiro de minas (lavra a céu aberto)
214720;Engenheiro de minas (lavra subterrânea)
214725;Engenheiro de minas (pesquisa mineral)
214730;Engenheiro de minas (planejamento)
214735;Engenheiro de minas (processo)
214740;Engenheiro de minas (projeto)
2148;Engenheiros agrimensores e engenheiros cartógrafos
214805;Engenheiro agrimensor
214810;Engenheiro cartógrafo
2149;Engenheiros de produção, qualidade, segurança e afins
214905;Engenheiro de produção
214910;Engenheiro de controle de qualidade
214915;Engenheiro de segurança do trabalho
214920;Engenheiro de riscos
214925;Engenheiro de tempos e movimentos
215;PROFISSIONAIS EM NAVEGAÇÃO AÉREA, MARÍTIMA E FLUVIAL
2151;Oficiais de convés e afins
215105;Agente de manobra e docagem
215110;Capitão de manobra da marinha mercante
215115;Comandante da marinha mercante
215120;Coordenador de operações de combate à poluição no meio aquaviário
215125;Imediato da marinha mercante
215130;Inspetor de terminal
215135;Inspetor naval
215140;Oficial de quarto de navegação da marinha mercante
215145;Prático de portos da marinha mercante
215150;Vistoriador naval
2152;Oficiais de máquinas da marinha mercante
215205;Oficial superior de máquinas da marinha mercante
215210;Primeiro oficial de máquinas da marinha mercante
215215;Segundo oficial de máquinas da marinha mercante
215220;Superintendente técnico no transporte aquaviário
2153;Profissionais da pilotagem aeronáutica
215305;Piloto de aeronaves
215310;Piloto de ensaios em vôo
215315;Instrutor de vôo
22;PROFISSIONAIS DAS CIÊNCIAS BIOLÓGICAS, DA SAÚDE E AFINS
221;BIÓLOGOS E AFINS
2211;Biólogos e afins
221105;Biólogo
2212;Biomédicos
221205;Biomédico
222;AGRÔNOMOS E AFINS
2221;Engenheiros agrossilvipecuários
222105;Engenheiro agrícola
222110;Engenheiro agrônomo
222115;Engenheiro de pesca
222120;Engenheiro florestal
223;PROFISSIONAIS DA MEDICINA, SAÚDE E AFINS
2231;Médicos
223119;Médico em eletroencefalografia
223127;Médico foniatra
223150;Médico perito
223152;Médico proctologista
223310;Zootecnista
2232;Cirurgiões-dentistas
223204;Cirurgião dentista - auditor
223208;Cirurgião dentista - clínico geral
223212;Cirurgião dentista - endodontista
223216;Cirurgião dentista - epidemiologista
223220;Cirurgião dentista - estomatologista
223224;Cirurgião dentista - implantodontista
223228;Cirurgião dentista - odontogeriatra
223232;Cirurgião dentista - odontologista legal
223236;Cirurgião dentista - odontopediatra
223240;Cirurgião dentista - ortopedista e ortodontista
223244;Cirurgião dentista - patologista bucal
223248;Cirurgião dentista - periodontista
223252;Cirurgião dentista - protesiólogo bucomaxilofacial
223256;Cirurgião dentista - protesista
223260;Cirurgião dentista - radiologista
223264;Cirurgião dentista - reabilitador oral
223268;Cirurgião dentista - traumatologista bucomaxilofacial
223272;Cirurgião dentista de saúde coletiva
223276;Cirurgião dentista - odontologia do trabalho
223280;Cirurgião dentista - dentística
223284;Cirurgião dentista - disfunção temporomandibular e dor orofacial
223288;Cirurgião dentista - odontologia para pacientes com necessidades especiais
2233;Veterinários e zootecnistas
223305;Médico veterinário
2234;Farmacêuticos
223405;Farmacêutico
223410;Farmacêutico bioquímico
2235;Enfermeiros e afins
223505;Enfermeiro
223510;Enfermeiro auditor
223515;Enfermeiro de bordo
223520;Enfermeiro de centro cirúrgico
223525;Enfermeiro de terapia intensiva
223530;Enfermeiro do trabalho
223535;Enfermeiro nefrologista
223540;Enfermeiro neonatologista
223545;Enfermeiro obstétrico
223550;Enfermeiro psiquiátrico
223555;Enfermeiro puericultor e pediátrico
223560;Enfermeiro sanitarista
2236;Fisioterapeutas
223605;Fisioterapeuta geral
223625;Fisioterapeuta respiratória
223630;Fisioterapeuta neurofuncional
223635;Fisioterapeuta traumato-ortopédica funcional
223640;Fisioterapeuta osteopata
223645;Fisioterapeuta quiropraxista
223650;Fisioterapeuta acupunturista
223655;Fisioterapeuta esportivo
223660;Fisioterapeuta  do trabalho
2237;Nutricionistas
223705;Dietista
223710;Nutricionista
2238;Fonoaudiólogos
223810;Fonoaudiólogo
2239;Terapeutas ocupacionais e afins
223905;Terapeuta ocupacional
223910;Ortoptista
224;PROFISSIONAIS DA EDUCAÇÃO FÍSICA
2241;Profissionais da educação física
224105;Avaliador físico
224110;Ludomotricista
224115;Preparador de atleta
224120;Preparador físico
224125;Técnico de desporto individual e coletivo (exceto futebol)
224130;Técnico de laboratório e fiscalização desportiva
224135;Treinador profissional de futebol
23;PROFISSIONAIS DO ENSINO
231;PROFESSORES DE NÍVEL SUPERIOR NA EDUCAÇÃO INFANTIL E NO ENSINO FUNDAMENTAL
2311;Professores de nível superior na educação infantil
231105;Professor de nível superior na educação infantil (quatro a seis anos)
231110;Professor de nível superior na educação infantil (zero a três anos)
2312;Professores de nível superior do ensino fundamental (primeira a quarta séries)
231205;Professor da educação de jovens e adultos do ensino fundamental (primeira a quarta série)
231210;Professor de nível superior do ensino fundamental (primeira a quarta série)
2313;Professores de nível superior no ensino fundamental de quinta a oitava série
231305;Professor de ciências exatas e naturais do ensino fundamental
231310;Professor de educação artística do ensino fundamental
231315;Professor de educação física do ensino fundamental
231320;Professor de geografia do ensino fundamental
231325;Professor de história do ensino fundamental
231330;Professor de língua estrangeira moderna do ensino fundamental
231335;Professor de língua portuguesa do ensino fundamental
231340;Professor de matemática do ensino fundamental
232;PROFESSORES DO ENSINO MÉDIO
2321;Professores do ensino médio
232105;Professor de artes no ensino médio
232110;Professor de biologia no ensino médio
232115;Professor de disciplinas pedagógicas no ensino médio
232120;Professor de educação física no ensino médio
232125;Professor de filosofia no ensino médio
232130;Professor de física no ensino médio
232135;Professor de geografia no ensino médio
232140;Professor de história no ensino médio
232145;Professor de língua e literatura brasileira no ensino médio
232150;Professor de língua estrangeira moderna no ensino médio
232155;Professor de matemática no ensino médio
232160;Professor de psicologia no ensino médio
232165;Professor de química no ensino médio
232170;Professor de sociologia no ensino médio
233;PROFESSORES E INSTRUTORES DO ENSINO PROFISSIONAL
2331;Professores do ensino profissional
233105;Professor da área de meio ambiente
233110;Professor de desenho técnico
233115;Professor de técnicas agrícolas
233120;Professor de técnicas comerciais e secretariais
233125;Professor de técnicas de enfermagem
233130;Professor de técnicas industriais
233135;Professor de tecnologia e cálculo técnico
2332;Instrutores de ensino profissional
233205;Instrutor de aprendizagem e treinamento agropecuário
233210;Instrutor de aprendizagem e treinamento industrial
233215;Professor de aprendizagem e treinamento comercial
233220;Professor instrutor de ensino e aprendizagem agroflorestal
233225;Professor instrutor de ensino e aprendizagem em serviços
234;PROFESSORES DO ENSINO SUPERIOR
2341;Professores de matemática, estatística e informática do ensino superior
234105;Professor de matemática aplicada (no ensino superior)
234110;Professor de matemática pura (no ensino superior)
234115;Professor de estatística (no ensino superior)
234120;Professor de computação (no ensino superior)
234125;Professor de pesquisa operacional (no ensino superior)
2342;Professores de ciências físicas, químicas e afins do ensino superior
234205;Professor de física (ensino superior)
234210;Professor de química (ensino superior)
234215;Professor de astronomia (ensino superior)
2343;Professores de arquitetura e urbanismo, engenharia, geofísica e geologia do ensino superior
234305;Professor de arquitetura
234310;Professor de engenharia
234315;Professor de geofísica
234320;Professor de geologia
2344;Professores de ciências biológicas e da saúde do ensino superior
234405;Professor de ciências biológicas do ensino superior
234410;Professor de educação física no ensino superior
234415;Professor de enfermagem do ensino superior
234420;Professor de farmácia e bioquímica
234425;Professor de fisioterapia
234430;Professor de fonoaudiologia
234435;Professor de medicina
234440;Professor de medicina veterinária
234445;Professor de nutrição
234450;Professor de odontologia
234455;Professor de terapia ocupacional
234460;Professor de zootecnia do ensino superior
2345;Professores na área de formação pedagógica do ensino superior
234505;Professor de ensino superior na área de didática
234510;Professor de ensino superior na área de orientação educacional
234515;Professor de ensino superior na área de pesquisa educacional
234520;Professor de ensino superior na área de prática de ensino
2346;Professores nas áreas de língua e literatura do ensino superior
234604;Professor de língua alemã
2410;Advogados
234608;Professor de língua italiana
234612;Professor de língua francesa
234616;Professor de língua inglesa
234620;Professor de língua espanhola
234624;Professor de língua portuguesa
234628;Professor de literatura brasileira
234632;Professor de literatura portuguesa
234636;Professor de literatura alemã
234640;Professor de literatura comparada
234644;Professor de literatura espanhola
234648;Professor de literatura francesa
234652;Professor de literatura inglesa
234656;Professor de literatura italiana
234660;Professor de literatura de línguas estrangeiras modernas
234664;Professor de outras línguas e literaturas
234668;Professor de línguas estrangeiras modernas
234672;Professor de lingüística e lingüística aplicada
234676;Professor de filologia e crítica textual
234680;Professor de semiótica
234684;Professor de teoria da literatura
2347;Professores de ciências humanas do ensino superior
234705;Professor de antropologia do ensino superior
234710;Professor de arquivologia do ensino superior
234715;Professor de biblioteconomia do ensino superior
234720;Professor de ciência política do ensino superior
234725;Professor de comunicação social do ensino superior
234730;Professor de direito do ensino superior
234735;Professor de filosofia do ensino superior
234740;Professor de geografia do ensino superior
234745;Professor de história do ensino superior
234750;Professor de jornalismo
234755;Professor de museologia do ensino superior
234760;Professor de psicologia do ensino superior
234765;Professor de serviço social do ensino superior
234770;Professor de sociologia do ensino superior
2348;Professores de ciências econômicas, administrativas e contábeis do ensino superior
234805;Professor de economia
234810;Professor de administração
234815;Professor de contabilidade
2349;Professores de artes do ensino superior
234905;Professor de artes do espetáculo no ensino superior
234910;Professor de artes visuais no ensino superior (artes plásticas e multimídia)
234915;Professor de música no ensino superior
239;OUTROS PROFISSIONAIS DO ENSINO NÃO CLASSIFICADOS ANTERIORMENTE
2392;Professores de educação especial
239205;Professor de alunos com deficiência auditiva e surdos
239210;Professor de alunos com deficiência física
239215;Professor de alunos com deficiência mental
239220;Professor de alunos com deficiência múltipla
239225;Professor de alunos com deficiência visual
2394;Programadores, avaliadores e orientadores de ensino
239405;Coordenador pedagógico
239410;Orientador educacional
239415;Pedagogo
239420;Professor de técnicas e recursos audiovisuais
239425;Psicopedagogo
239430;Supervisor de ensino
239435;Designer educacional
24;PROFISSIONAIS DAS CIÊNCIAS JURÍDICAS
241;ADVOGADOS, PROCURADORES, TABELIÃES E AFINS
241005;Advogado
241010;Advogado de empresa
241015;Advogado (direito civil)
241020;Advogado (direito público)
241025;Advogado (direito penal)
241030;Advogado (áreas especiais)
241035;Advogado (direito do trabalho)
241040;Consultor jurídico
2412;Procuradores e advogados públicos
241205;Advogado da união
241210;Procurador autárquico
241215;Procurador da fazenda nacional
241220;Procurador do estado
241225;Procurador do município
241230;Procurador federal
241235;Procurador fundacional
2413;Tabeliães e registradores
241305;Oficial de registro de contratos marítimos
241310;Oficial do registro civil de pessoas jurídicas
241315;Oficial do registro civil de pessoas naturais
241320;Oficial do registro de distribuições
2514;Filósofos
241325;Oficial do registro de imóveis
241330;Oficial do registro de títulos e documentos
241335;Tabelião de notas
241340;Tabelião de protestos
242;ADVOGADOS DO PODER JUDICIÁRIO E DA SEGURANÇA PÚBLICA
2422;Membros do ministério público
242205;Procurador da república
242210;Procurador de justiça
242215;Procurador de justiça militar
242220;Procurador do trabalho
242225;Procurador regional da república
242230;Procurador regional do trabalho
242235;Promotor de justiça
242240;Subprocurador de justiça militar
242245;Subprocurador-geral da república
242250;Subprocurador-geral do trabalho
2423;Delegados de polícia
242305;Delegado de polícia
2424;Defensores públicos e procuradores da assistência judiciária
242405;Defensor público
242410;Procurador da assistência judiciária
25;PROFISSIONAIS DAS CIÊNCIAS SOCIAIS E HUMANAS
251;CIENTISTAS SOCIAIS, PSICÓLOGOS E AFINS
2511;Profissionais em pesquisa e análise antropológica sociológica
251105;Antropólogo
251110;Arqueólogo
251115;Cientista político
251120;Sociólogo
2512;Economistas
251205;Economista
251210;Economista agroindustrial
251215;Economista financeiro
251220;Economista industrial
251225;Economista do setor público
251230;Economista ambiental
251235;Economista regional e urbano
2513;Profissionais em pesquisa e análise geográfica
251305;Geógrafo
251405;Filósofo
2515;Psicólogos e psicanalistas
251505;Psicólogo educacional
251510;Psicólogo clínico
251515;Psicólogo do esporte
251520;Psicólogo hospitalar
251525;Psicólogo jurídico
251530;Psicólogo social
251535;Psicólogo do trânsito
251540;Psicólogo do trabalho
251545;Neuropsicólogo
251550;Psicanalista
2516;Assistentes sociais e economistas domésticos
251605;Assistente social
251610;Economista doméstico
252;PROFISSIONAIS DE ORGANIZAÇÃO E ADMINISTRAÇÃO DE EMPRESAS E AFINS
2521;Administradores
252105;Administrador
2522;Contadores e afins
252205;Auditor (contadores e afins)
252210;Contador
252215;Perito contábil
2523;Secretárias(os) executivas(os) e afins
252305;Secretária(o) executiva(o)
252310;Secretário bilíngüe
252315;Secretária trilíngüe
2524;Profissionais de recursos humanos
252405;Analista de recursos humanos
2525;Profissionais de administração ecônomico-financeira
252505;Administrador de fundos e carteiras de investimento
252510;Analista de câmbio
252515;Analista de cobrança (instituições financeiras)
252525;Analista de crédito (instituições financeiras)
252530;Analista de crédito rural
252535;Analista de leasing
252540;Analista de produtos bancários
252545;Analista financeiro (instituições financeiras)
253;PROFISSIONAIS DE RELAÇÕES PÚBLICAS, PUBLICIDADE, MARKETING E COMERCIALIZAÇÃO
2531;Profissionais de relações públicas, publicidade, mercado e negócios
253105;Relações públicas
253110;Redator de publicidade
253115;Agente publicitário
253120;Analista de negócios
253125;Analista de pesquisa de mercado
2532;Profissionais de comercializacão e consultoria de serviços bancários
253205;Gerente de captação (fundos e investimentos institucionais)
253210;Gerente de clientes especiais (private)
253215;Gerente de contas - pessoa física e jurídica
253220;Gerente de grandes contas (corporate)
253225;Operador de negócios
2533;Corretores de valores, ativos financeiros, mercadorias e derivativos
253305;Corretor de valores, ativos financeiros, mercadorias e derivativos
254;AUDITORES FISCAIS PÚBLICOS
2541;Auditores fiscais e técnicos da receita federal
2611;Profissionais do jornalismo
254105;Auditor-fiscal da receita federal
254110;Técnico da receita federal
2542;Auditores fiscais da previdência social
254205;Auditor-fiscal da previdência social
2543;Auditores fiscais do trabalho
254305;Auditor-fiscal do trabalho
254310;Agente de higiene e segurança
2544;Fiscais de tributos estaduais e municipais
254405;Fiscal de tributos estadual
254410;Fiscal de tributos municipal
254415;Técnico de tributos estadual
254420;Técnico de tributos municipal
26;COMUNICADORES, ARTISTAS E RELIGIOSOS
261;PROFISSIONAIS DA COMUNICAÇÃO E DA INFORMAÇÃO
261105;Arquivista pesquisador (jornalismo)
261110;Assessor de imprensa
261115;Diretor de redação
261120;Editor
261125;Jornalista
261130;Produtor de texto
261135;Repórter (exclusive rádio e televisão)
261140;Revisor de texto
2612;Profissionais da informação
261205;Bibliotecário
261210;Documentalista
261215;Analista de informações (pesquisador de informações de rede)
2613;Arquivistas e museólogos
261305;Arquivista
261310;Museólogo
2614;Filólogos,tradutores ,intérpretes e afins
261405;Filólogo
261410;Intérprete
261415;Lingüista
261420;Tradutor
261425;Intérprete de língua de sinais
2615;Profissionais da escrita
261505;Autor-roteirista
261510;Crítico
261515;Escritor de ficção
261520;Escritor de não ficção
261525;Poeta
261530;Redator de textos técnicos
2616;Editores
261605;Editor de jornal
261610;Editor de livro
261615;Editor de mídia eletrônica
261620;Editor de revista
261625;Editor de revista científica
2617;Locutores, comentaristas e repórteres de rádio e televisão
261705;Âncora de rádio e televisão
261710;Comentarista de rádio e televisão
261715;Locutor de rádio e televisão
261720;Locutor publicitário de rádio e televisão
261725;Narrador em programas de rádio e televisão
261730;Repórter de rádio e televisão
2618;Fotógrafos profissionais
261805;Fotógrafo
261810;Fotógrafo publicitário
261815;Fotógrafo retratista
261820;Repóter fotográfico
262;PROFISSIONAIS DE ESPETÁCULOS E DAS ARTES
2621;Produtores artísticos e culturais
262105;Produtor cultural
262110;Produtor cinematográfico
262115;Produtor de rádio
262120;Produtor de teatro
262125;Produtor de televisão
2622;Diretores de espetáculos e afins
262205;Diretor de cinema
262210;Diretor de programas de rádio
262215;Diretor de programas de televisão
262220;Diretor teatral
2623;Cenógrafos
262305;Cenógrafo carnavalesco e festas populares
262310;Cenógrafo de cinema
262315;Cenógrafo de eventos
262320;Cenógrafo de teatro
262325;Cenógrafo de tv
262330;Diretor de arte
2624;Artistas visuais,desenhistas industriais e conservadores-restauradores de bens culturais
262405;Artista (artes visuais)
262410;Desenhista industrial gráfico (designer gráfico)
262415;Conservador-restaurador de bens  culturais
2625;Atores
262505;Ator
2626;Músicos compositores, arranjadores, regentes e musicólogos
262605;Compositor
262610;Músico arranjador
262615;Músico regente
262620;Musicólogo
2627;Músicos intérpretes
262705;Músico intérprete cantor
262710;Músico intérprete instrumentista
2628;Artistas da dança (exceto dança tradicional e popular)
262805;Assistente de coreografia
262810;Bailarino (exceto danças populares)
262815;Coreógrafo
262820;Dramaturgo de dança
262825;Ensaiador de dança
262830;Professor de dança
2629;Designer de interiores de nível superior
262905;Decorador de interiores de nível superior
263;MEMBROS DE CULTOS RELIGIOSOS E AFINS
263110;Missionário
2631;Ministros de culto, missionários, teólogos e profissionais assemelhados
263105;Ministro de culto religioso
263115;Teólogo
27;PROFISSIONAIS EM GASTRONOMIA
271;PROFISSIONAIS EM GASTRONOMIA E SERVIÇOS DE ALIMENTAÇÃO
3;TÉCNICOS DE NIVEL MÉDIO
30;TÉCNICOS POLIVALENTES
300;TÉCNICOS MECATRÔNICOS E ELETROMECÂNICOS
3001;Técnicos em mecatrônica
300105;Técnico em mecatrônica - automação da manufatura
300110;Técnico em mecatrônica - robótica
3003;Técnicos em eletromecânica
300305;Técnico em eletromecânica
301;TÉCNICOS EM LABORATÓRIO
3011;Técnicos de laboratório industrial
301105;Técnico de laboratório industrial
301110;Técnico de laboratório de análises físico-químicas (materiais de construção)
301115;Técnico químico de petróleo
3012;Técnicos de apoio à bioengenharia
301205;Técnico de apoio à bioengenharia
31;TÉCNICOS DE NÍVEL MÉDIO DAS CIÊNCIAS FÍSICAS, QUÍMICAS, ENGENHARIA E AFINS
311;TÉCNICO EM CIÊNCIAS FÍSICAS E QUÍMICAS
3111;Técnicos químicos
311105;Técnico químico
311110;Técnico de celulose e papel
311115;Técnico em curtimento
3112;Técnicos de produção de indústrias químicas, petroquímicas, refino de petróleo, gás e afins
311205;Técnico em petroquímica
3113;Técnicos em materiais, produtos cerâmicos e vidros
311305;Técnico em materiais, produtos cerâmicos e vidros
3114;Técnicos em fabricação de produtos plásticos e de borracha
311405;Técnico em borracha
311410;Técnico em plástico
3115;Técnicos em controle ambiental, utilidades e tratamento de efluentes
311505;Técnico de controle de meio ambiente
311510;Técnico de meteorologia
311515;Técnico de utilidade (produção e distribuição de vapor, gases, óleos, combustíveis, energia)
311520;Técnico em tratamento de efluentes
3116;Técnicos têxteis
311605;Técnico têxtil
311610;Técnico têxtil (tratamentos químicos)
311615;Técnico têxtil de fiação
311620;Técnico têxtil de malharia
311625;Técnico têxtil de tecelagem
3117;Coloristas
311705;Colorista de papel
311710;Colorista têxtil
311715;Preparador de tintas
311720;Preparador de tintas (fábrica de tecidos)
311725;Tingidor de couros e peles
312;TÉCNICOS EM CONSTRUÇÃO CIVIL, DE EDIFICAÇÕES E OBRAS DE INFRAESTRUTURA
3121;Técnicos em construção civil (edificações)
312105;Técnico de obras civis
3122;Técnicos em construção civil (obras de infraestrutura)
312205;Técnico de estradas
312210;Técnico de saneamento
3123;Técnicos em geomática
312305;Técnico em agrimensura
312310;Técnico em geodésia e cartografia
312315;Técnico em hidrografia
312320;Topógrafo
313;TÉCNICOS EM ELETROELETRÔNICA E FOTÔNICA
3131;Técnicos em eletricidade e eletrotécnica
313105;Eletrotécnico
313110;Eletrotécnico (produção de energia)
313115;Eletrotécnico na fabricação, montagem e instalação de máquinas e equipamentos
313120;Técnico de manutenção elétrica
313125;Técnico de manutenção elétrica de máquina
313130;Técnico eletricista
3132;Técnicos em eletrônica
313205;Técnico de manutenção eletrônica
313210;Técnico de manutenção eletrônica (circuitos de máquinas com comando numérico)
313215;Técnico eletrônico
313220;Técnico em manutenção de equipamentos de informática
3133;Técnicos em telecomunicações
313305;Técnico de comunicação de dados
313310;Técnico de rede (telecomunicações)
313315;Técnico de telecomunicações (telefonia)
313320;Técnico de transmissão (telecomunicações)
3134;Técnicos em calibração e instrumentação
313405;Técnico em calibração
313410;Técnico em instrumentação
3135;Técnicos em fotônica
314;TÉCNICOS EM METALMECÂNICA
3764;Modelos
313415;Encarregado de manutenção de instrumentos de controle, medição e similares
313505;Técnico em fotônica
3141;Técnicos mecânicos na fabricação e montagem de máquinas, sistemas e instrumentos
314105;Técnico em mecânica de precisão
314110;Técnico mecânico
314115;Técnico mecânico (calefação, ventilação e refrigeração)
314120;Técnico mecânico (máquinas)
314125;Técnico mecânico (motores)
3142;Técnicos mecânicos (ferramentas)
314205;Técnico mecânico na fabricação de ferramentas
314210;Técnico mecânico na manutenção de ferramentas
3143;Técnicos em mecânica veicular
314305;Técnico em automobilística
314310;Técnico mecânico (aeronaves)
314315;Técnico mecânico (embarcações)
3144;Técnicos mecânicos na manutenção de máquinas, sistemas e instrumentos
314405;Técnico de manutenção de sistemas e instrumentos
314410;Técnico em manutenção de máquinas
3146;Técnicos em metalurgia (estruturas metálicas)
314605;Inspetor de soldagem
314610;Técnico em caldeiraria
314615;Técnico em estruturas metálicas
314620;Técnico em soldagem
3147;Técnicos em siderurgia
314705;Técnico de acabamento em siderurgia
314710;Técnico de aciaria em siderurgia
314715;Técnico de fundição em siderurgia
314720;Técnico de laminação em siderurgia
314725;Técnico de redução na siderurgia (primeira fusão)
314730;Técnico de refratário em siderurgia
316;TÉCNICOS EM MINERALOGIA E GEOLOGIA
3161;Técnicos em geologia
316105;Técnico em geofísica
316110;Técnico em geologia
316115;Técnico em geoquímica
316120;Técnico em geotecnia
3163;Técnicos em mineração
316305;Técnico de mineração
316310;Técnico de mineração (óleo e petróleo)
316315;Técnico em processamento mineral (exceto petróleo)
316320;Técnico em pesquisa mineral
316325;Técnico de produção em refino de petróleo
316330;Técnico em planejamento de lavra de minas
316335;Desincrustador (poços de petróleo)
316340;Cimentador (poços de petróleo)
317;TÉCNICOS EM INFORMÁTICA
3171;Técnicos de desenvolvimento de sistemas e aplicações
317105;Programador de internet
317110;Programador de sistemas de informação
317115;Programador de máquinas - ferramenta com comando numérico
317120;Programador de multimídia
3172;Técnicos em operação e monitoração de computadores
317205;Operador de computador (inclusive microcomputador)
317210;Técnico de apoio ao usuário de informática (helpdesk)
318;DESENHISTAS TÉCNICOS E MODELISTAS
3180;Desenhistas técnicos, em geral
318005;Desenhista técnico
318010;Desenhista copista
318015;Desenhista detalhista
3181;Desenhistas técnicos da construção civil e arquitetura
318105;Desenhista técnico (arquitetura)
318110;Desenhista técnico (cartografia)
318115;Desenhista técnico (construção civil)
318120;Desenhista técnico (instalações hidrossanitárias)
3182;Desenhistas técnicos da mecânica
318205;Desenhista técnico mecânico
318210;Desenhista técnico aeronáutico
318215;Desenhista técnico naval
3183;Desenhistas técnicos em eletricidade, eletrônica, eletromecânica, calefação, ventilação e refrigeração
318305;Desenhista técnico (eletricidade e eletrônica)
318310;Desenhista técnico (calefação, ventilação e refrigeração)
3184;Desenhistas técnicos de produtos e serviços diversos
318405;Desenhista técnico (artes gráficas)
318410;Desenhista técnico (ilustrações artísticas)
318415;Desenhista técnico (ilustrações técnicas)
318420;Desenhista técnico (indústria têxtil)
318425;Desenhista técnico (mobiliário)
318430;Desenhista técnico de embalagens, maquetes e leiautes
3185;Desenhistas projetistas de construção civil e arquitetura
318505;Desenhista projetista de arquitetura
318510;Desenhista projetista de construção civil
3186;Desenhistas projetistas da mecânica
318605;Desenhista projetista de máquinas
318610;Desenhista projetista mecânico
3187;Desenhistas projetistas da eletrônica
318705;Desenhista projetista de eletricidade
318710;Desenhista projetista eletrônico
3188;Desenhistas projetistas e modelistas de produtos e serviços diversos
318805;Projetista de móveis
318810;Modelista de roupas
318815;Modelista de calçados
319;OUTROS TÉCNICOS DE NÍVEL MÉDIO DAS CIÊNCIAS FÍSICAS, QUÍMICAS, ENGENHARIA E AFINS
3191;Técnicos do vestuário
319105;Técnico em calçados e artefatos de couro
319110;Técnico em confecções do vestuário
3192;Técnicos do mobiliário e afins
319205;Técnico do mobiliário
32;TÉCNICOS DE NÍVEL MÉDIO DAS CIÊNCIAS BIOLÓGICAS, BIOQUÍMICAS, DA SAÚDE E AFINS
320;TÉCNICOS EM BIOLOGIA
3201;Técnicos em biologia
320105;Técnico em bioterismo
320110;Técnico em histologia
321;TÉCNICOS DA PRODUÇÃO AGROPECUÁRIA
3211;Técnicos agrícolas
321105;Técnico agrícola
321110;Técnico agropecuário
3212;Técnicos florestais
321205;Técnico em madeira
321210;Técnico florestal
3213;Técnicos em aqüicultura
321305;Técnico em piscicultura
321310;Técnico em carcinicultura
321315;Técnico em mitilicultura
321320;Técnico em ranicultura
322;TÉCNICOS DA CIÊNCIA DA SAÚDE HUMANA
3221;Tecnólogos e técnicos em terapias alternativas e estéticas
322105;Técnico em acupuntura
322110;Podólogo
322115;Técnico em quiropraxia
322120;Massoterapeuta
322125;Terapeuta holístico
3222;Técnicos e auxiliares de enfermagem
322205;Técnico de enfermagem
322210;Técnico de enfermagem de terapia intensiva
322215;Técnico de enfermagem do trabalho
322220;Técnico de enfermagem psiquiátrica
322225;Instrumentador cirúrgico
322230;Auxiliar de enfermagem
322235;Auxiliar de enfermagem do trabalho
322240;Auxiliar de saúde (navegação marítima)
3223;Técnicos em óptica e optometria
322305;Técnico em óptica e optometria
3224;Técnicos de odontologia
322405;Técnico em saúde bucal
322410;Protético dentário
322415;Auxiliar em saúde bucal
322420;Auxiliar de prótese dentária
3225;Técnicos em próteses ortopédicas
322505;Técnico de ortopedia
3226;Técnicos de imobilizações ortopédicas
322605;Técnico de imobilização ortopédica
323;TÉCNICOS DA CIÊNCIA DA SAÚDE ANIMAL
3231;Técnicos em pecuária
323105;Técnico em pecuária
324;TÉCNICOS EM OPERAÇÃO DE EQUIPAMENTOS E INSTRUMENTOS DE DIAGNÓSTICO
3241;Tecnólogos e técnicos em métodos de diagnósticos e terapêutica
324105;Técnico em métodos eletrográficos em encefalografia
324110;Técnico em métodos gráficos em cardiologia
324115;Técnico em radiologia e imagenologia
3242;Técnicos e auxiliares técnicos em patologia clínica
324205;Técnico em patologia clínica
324210;Auxiliar técnico em patologia clínica
325;TÉCNICOS DE BIOQUÍMICA E DA BIOTECNOLOGIA
3250;Enólogos, perfumistas e aromistas
325005;Enólogo
325010;Aromista
325015;Perfumista
3251;Técnico em farmácia e em manipulação farmacêutica
325105;Auxiliar técnico em laboratório de farmácia
325110;Técnico em laboratório de farmácia
325115;Técnico em farmácia
3252;Técnicos em produção, conservação e de qualidade de alimentos
325205;Técnico de alimentos
325210;Técnico em nutrição e dietética
3253;Técnicos de apoio à biotecnologia
325305;Técnico em biotecnologia
325310;Técnico em imunobiológicos
328;TÉCNICOS EM NECRÓPSIA E TAXIDERMISTAS
3281;Técnicos em necrópsia e taxidermistas
328105;Embalsamador
328110;Taxidermista
33;PROFESSORES LEIGOS E DE NÍVEL MÉDIO
331;PROFESSORES DE NÍVEL MÉDIO NA EDUCAÇÃO INFANTIL, NO ENSINO FUNDAMENTAL E NO PROFISSIONALIZANTE
3311;Professores de nível médio na educação infantil
331105;Professor de nível médio na educação infantil
331110;Auxiliar de desenvolvimento infantil
3312;Professores de nível médio no ensino fundamental
331205;Professor de nível médio no ensino fundamental
3313;Professores de nível médio no ensino profissionalizante
331305;Professor de nível médio no ensino profissionalizante
332;PROFESSORES LEIGOS NO ENSINO FUNDAMENTAL E NO PROFISSIONALIZANTE
3321;Professores leigos no ensino fundamental
332105;Professor leigo no ensino fundamental
3322;Professores práticos no ensino profissionalizante
332205;Professor prático no ensino profissionalizante
333;INSTRUTORES E PROFESSORES DE ESCOLAS LIVRES
3331;Instrutores e professores de cursos livres
333105;Instrutor de auto-escola
333110;Instrutor de cursos livres
333115;Professores de cursos livres
334;INSPETORES DE ALUNOS E AFINS
3341;Inspetores de alunos e afins
334105;Inspetor de alunos de escola privada
334110;Inspetor de alunos de escola pública
34;TÉCNICOS DE NÍVEL MÉDIO EM SERVIÇOS DE TRANSPORTES
341;TÉCNICOS EM NAVEGAÇÃO AÉREA, MARÍTIMA E FLUVIAL
3411;Pilotos de aviação comercial, mecânicos de vôo e afins
341105;Piloto comercial (exceto linhas aéreas)
341110;Piloto comercial de helicóptero (exceto linhas aéreas)
341115;Mecânico de vôo
341120;Piloto agrícola
3412;Técnicos marítimos, fluviários e pescadores de convés
341205;Contramestre de cabotagem
341210;Mestre de cabotagem
341215;Mestre fluvial
341220;Patrão de pesca de alto-mar
341225;Patrão de pesca na navegação interior
341230;Piloto fluvial
3413;Técnicos marítimos e fluviários de máquinas
341305;Condutor maquinista fluvial
341310;Condutor maquinista marítimo
341315;Eletricista de bordo
342;TÉCNICOS EM TRANSPORTES (LOGÍSTICA)
3421;Especialistas em logística de transportes
342105;Analista de transporte em comércio exterior
342110;Operador de transporte multimodal
342115;Controlador de serviços de máquinas e veículos
342120;Afretador
3422;Despachantes aduaneiros
342205;Ajudante de despachante aduaneiro
342210;Despachante aduaneiro
3423;Técnicos em transportes rodoviários
342305;Chefe de serviço de transporte rodoviário (passageiros e cargas)
342310;Inspetor de serviços de transportes rodoviários (passageiros e cargas)
342315;Supervisor de carga e descarga
3424;Técnicos em transportes metroferroviários
342405;Agente de estação (ferrovia e metrô)
342410;Operador de centro de controle (ferrovia e metrô)
3425;Técnicos em transportes aéreos
342505;Controlador de tráfego aéreo
342510;Despachante operacional de vôo
342515;Fiscal de aviação civil (fac)
342520;Gerente da administração de aeroportos
342525;Gerente de empresa aérea em aeroportos
342530;Inspetor de aviação civil
342535;Operador de atendimento aeroviário
342540;Supervisor da administração de aeroportos
342545;Supervisor de empresa aérea em aeroportos
3426;Técnicos em transportes por vias navegáveis e operações portuárias
342605;Chefe de estação portuária
342610;Supervisor de operações portuárias
35;TÉCNICOS DE NIVEL MÉDIO NAS CIÊNCIAS ADMINISTRATIVAS
351;TÉCNICOS DAS CIÊNCIAS ADMINISTRATIVAS
3511;Técnicos em contabilidade
351105;Técnico de contabilidade
351110;Chefe de contabilidade (técnico)
351115;Consultor contábil (técnico)
3513;Técnicos em administração
351305;Técnico em administração
351405;Escrevente
351310;Técnico em administração de comércio exterior
351315;Agente de recrutamento e seleção
3514;Serventuários da justiça e afins
351410;Escrivão judicial
351415;Escrivão extra - judicial
351420;Escrivão de polícia
351425;Oficial de justiça
351430;Auxiliar de serviços jurídicos
3515;Técnicos em secretariado, taquígrafos e estenotipistas
351505;Técnico em secretariado
351510;Taquígrafo
351515;Estenotipista
3516;Técnicos em segurança no trabalho
351605;Técnico em segurança no trabalho
3517;Técnicos de seguros e afins
351705;Analista de seguros (técnico)
351710;Analista de sinistros
351715;Assistente comercial de seguros
351720;Assistente técnico de seguros
351725;Inspetor de risco
351730;Inspetor de sinistros
351735;Técnico de resseguros
351740;Técnico de seguros
3518;Agentes de investigação e identificação
351805;Detetive profissional
351810;Investigador de polícia
351815;Papiloscopista policial
352;TÉCNICOS DE INSPEÇÃO, FISCALIZAÇÃO E COORDENAÇÃO ADMINISTRATIVA
3522;Agentes da saúde e do meio ambiente
352205;Agente de defesa ambiental
352210;Agente de saúde pública
3523;Agentes fiscais metrológicos e de qualidade
352305;Metrologista
352310;Agente fiscal de qualidade
352315;Agente fiscal metrológico
352320;Agente fiscal têxtil
3524;Profissionais de direitos autorais e de avaliacão de produtos dos meios de comunicação
352405;Agente de direitos autorais
352410;Avaliador de produtos do meio de comunicação
352415;Ouvidor (ombudsman) do meio de comunicação
352420;Técnico em direitos autorais
353;TÉCNICOS DE NÍVEL MÉDIO EM OPERAÇÕES FINANCEIRAS
3532;Técnicos em operações e serviços bancários
353205;Técnico de operações e serviços bancários - câmbio
353210;Técnico de operações e serviços bancários - crédito imobiliário
353215;Técnico de operações e serviços bancários - crédito rural
353220;Técnico de operações e serviços bancários - leasing
353225;Técnico de operações e serviços bancários - renda fixa e variável
353230;Tesoureiro de banco
353235;Chefe de serviços bancários
354;TÉCNICOS DE NIVEL MÉDIO EM OPERAÇÕES COMERCIAIS
3541;Técnicos de vendas especializadas
354110;Agenciador de propaganda
354120;Agente de vendas de serviços
354125;Assistente de vendas
354130;Promotor de vendas especializado
354135;Técnico de vendas
354140;Técnico em atendimento e vendas
354145;Vendedor pracista
3542;Compradores
354205;Comprador
354210;Supervisor de compras
3543;Analistas de comércio exterior
354305;Analista de exportação e importação
3544;Leiloeiros e avaliadores
354405;Leiloeiro
354410;Avaliador de imóveis
354415;Avaliador de bens móveis
3545;Corretores de seguros
354505;Corretor de seguros
3546;Corretores de imóveis
354605;Corretor de imóveis
3547;Representantes comerciais autônomos
354705;Representante comercial autônomo
3548;Técnicos em serviços de turismo e organização de eventos
354805;Técnico em turismo
354810;Operador de turismo
354815;Agente de viagem
354820;Organizador de evento
37;TÉCNICOS EM NIVEL MÉDIO DOS SERVIÇOS CULTURAIS, DAS COMUNICAÇÕES E DOS DESPORTOS
371;TÉCNICOS DE SERVIÇOS CULTURAIS
3711;Técnicos em biblioteconomia
371105;Auxiliar de biblioteca
371110;Técnico em biblioteconomia
3712;Técnicos em museologia e afins
371205;Colecionador de selos e moedas
371210;Técnico em museologia
3713;Técnicos em artes gráficas
371305;Técnico em programação visual
371310;Técnico gráfico
3714;Recreadores
371405;Recreador de acantonamento
371410;Recreador
3721;Captadores de imagens em movimento
372;TÉCNICOS EM OPERAÇÃO DE CÂMARA FOTOGRÁFICA , CINEMA E DE TELEVISÃO
372105;Diretor de fotografia
372110;Iluminador (televisão)
372115;Operador de câmera de televisão
3722;Operadores de rede de teleprocessamento e afins
372205;Operador de rede de teleprocessamento
372210;Radiotelegrafista
373;TÉCNICOS EM OPERAÇÃO DE EMISSORAS DE RÁDIO, SISTEMAS DE TELEVISÃO E DE PRODUTORAS DE VÍDEO
3731;Técnicos de operação de emissoras de rádio
373105;Operador de áudio de continuidade (rádio)
373110;Operador de central de rádio
373115;Operador de externa (rádio)
373120;Operador de gravação de rádio
373125;Operador de transmissor de rádio
3732;Técnicos em operação de sistemas de televisão e de produtoras de vídeo
373205;Técnico em operação de equipamentos de produção para televisão e produtoras de vídeo
373210;Técnico em operação de equipamento de exibição de televisão
373215;Técnico em operação de equipamentos de transmissão/recepção de televisão
373220;Supervisor técnico operacional de sistemas de televisão e produtoras de vídeo
374;TÉCNICOS EM OPERAÇÃO DE APARELHOS DE SONORIZAÇÃO, CENOGRAFIA E PROJEÇÃO
3741;Técnicos em áudio
374105;Técnico em gravação de áudio
374110;Técnico em instalação de equipamentos de áudio
374115;Técnico em masterização de áudio
374120;Projetista de som
374125;Técnico em sonorização
374130;Técnico em mixagem de áudio
374135;Projetista de sistemas de áudio
374140;Microfonista
3742;Técnicos em cenografia
374205;Cenotécnico (cinema, vídeo, televisão, teatro e espetáculos)
374210;Maquinista de cinema e vídeo
374215;Maquinista de teatro e espetáculos
3743;Técnicos em operação de aparelhos de projeção
374305;Operador de projetor cinematográfico
374310;Operador-mantenedor de projetor cinematográfico
3744;Técnicos em montagem, edição e finalização de filme e vídeo
374405;Editor de tv e vídeo
374410;Finalizador de filmes
374415;Finalizador de vídeo
374420;Montador de filmes
375;DECORADORES E VITRINISTAS
3751;Designers de interiores, de vitrines e visual merchandiser e afins (nível médio)
375105;Designer de interiores
375110;Designer de vitrines
375115;Visual merchandiser
376;ARTISTAS DE ARTES POPULARES E MODELOS
3761;Dançarinos tradicionais e populares
376105;Dançarino tradicional
376110;Dançarino popular
3762;Artistas de circo (circenses)
376205;Acrobata
376210;Artista aéreo
376215;Artista de circo (outros)
376220;Contorcionista
376225;Domador de animais (circense)
376230;Equilibrista
376235;Mágico
376240;Malabarista
376245;Palhaço
376250;Titeriteiro
376255;Trapezista
3763;Apresentadores de espetáculos, eventos e programas
376305;Apresentador de eventos
376310;Apresentador de festas populares
376315;Apresentador de programas de rádio
376320;Apresentador de programas de televisão
376325;Apresentador de circo
376405;Modelo artístico
376410;Modelo de modas
376415;Modelo publicitário
377;ATLETAS, DESPORTISTAS E AFINS
3771;Atletas profissionais
377105;Atleta profissional (outras modalidades)
377110;Atleta profissional de futebol
377115;Atleta profissional de golfe
377120;Atleta profissional de luta
377125;Atleta profissional de tênis
377130;Jóquei
377135;Piloto de competição automobilística
377140;Profissional de atletismo
377145;Pugilista
3772;Árbitros desportivos
377205;Árbitro desportivo
377210;Árbitro de atletismo
377215;Árbitro de basquete
377220;Árbitro de futebol
377225;Árbitro de futebol de salão
377230;Árbitro de judô
377235;Árbitro de karatê
510135;Maître
377240;Árbitro de poló aquático
377245;Árbitro de vôlei
39;OUTROS TÉCNICOS DE NÍVEL MÉDIO
391;TÉCNICOS DE NIVEL MÉDIO EM OPERAÇÕES INDUSTRIAIS
3911;Técnicos de planejamento e controle de produção
391105;Cronoanalista
391110;Cronometrista
391115;Controlador de entrada e saída
391120;Planejista
391125;Técnico de planejamento de produção
391130;Técnico de planejamento e programação da manutenção
391135;Técnico de matéria-prima e material
3912;Técnicos de controle da produção
391205;Inspetor de qualidade
391210;Técnico de garantia da qualidade
391215;Operador de inspeção de qualidade
391220;Técnico de painel de controle
391225;Escolhedor de papel
391230;Técnico operacional de serviços de correios
395;TÉCNICOS DE APOIO EM PESQUISA E DESENVOLVIMENTO
3951;Técnicos de apoio em pesquisa e desenvolvimento
395105;Técnico de apoio em pesquisa e desenvolvimento (exceto agropecuário e florestal)
395110;Técnico de apoio em pesquisa e desenvolvimento agropecuário florestal
4;TRABALHADORES DE SERVIÇOS ADMINISTRATIVOS
41;ESCRITURÁRIOS
410;SUPERVISORES DE SERVIÇOS ADMINISTRATIVOS (Exceto de atendimento ao público)
4101;Supervisores administrativos
410105;Supervisor administrativo
4102;Supervisores de serviços financeiros, de câmbio e de controle
410205;Supervisor de almoxarifado
410210;Supervisor de câmbio
410215;Supervisor de contas a pagar
410220;Supervisor de controle patrimonial
410225;Supervisor de crédito e cobrança
410230;Supervisor de orçamento
410235;Supervisor de tesouraria
411;ESCRITURÁRIOS EM GERAL, AGENTES, ASSISTENTES E AUXILIARES ADMINISTRATIVOS
4110;Agentes, assistentes e auxiliares administrativos
411005;Auxiliar de escritório, em geral
411010;Assistente administrativo
411015;Atendente de judiciário
411020;Auxiliar de judiciário
411025;Auxiliar de cartório
411030;Auxiliar de pessoal
411035;Auxiliar de estatística
411040;Auxiliar de seguros
411045;Auxiliar de serviços de importação e exportação
412;SECRETÁRIOS DE EXPEDIENTE E OPERADORES DE MÁQUINAS DE ESCRITÓRIOS
4121;Operadores de equipamentos de entrada e transmissão de dados
412105;Datilógrafo
412110;Digitador
412115;Operador de mensagens de telecomunicações (correios)
412120;Supervisor de digitação e operação
4122;Contínuos
412205;Contínuo
413;ESCRITURÁRIOS CONTÁBEIS E DE FINANÇAS
4131;Auxiliares de contabilidade
413105;Analista de folha de pagamento
413110;Auxiliar de contabilidade
413115;Auxiliar de faturamento
4132;Escriturários de serviços bancários
413205;Atendente de agência
413210;Caixa de banco
413215;Compensador de banco
413220;Conferente de serviços bancários
413225;Escriturário de banco
413230;Operador de cobrança bancária
414;ESCRITURÁRIOS DE CONTROLE DE MATERIAIS E DE APOIO À PRODUÇÃO
4141;Almoxarifes e armazenistas
414105;Almoxarife
414110;Armazenista
414115;Balanceiro
4142;Apontadores e conferentes
414205;Apontador de mão-de-obra
414210;Apontador de produção
414215;Conferente de carga e descarga
415;AUXILIARES DE SERVIÇOS DE BIBLIOTECA, DOCUMENTAÇÃO E CORREIOS
4151;Auxiliares de serviços de documentação, informação e pesquisa
415105;Arquivista de documentos
415115;Codificador de dados
415120;Fitotecário
415125;Kardexista
415130;Operador de máquina copiadora (exceto operador de gráfica rápida)
4152;Carteiros e operadores de triagem de serviços postais
415205;Carteiro
415210;Operador de triagem e transbordo
42;TRABALHADORES DE ATENDIMENTO AO PÚBLICO
420110;Supervisor de cobrança
223915;Musicoterapeuta
420;SUPERVISORES DE ATENDIMENTO AO PÚBLICO
4201;Supervisores de atendimento ao público e de pesquisa
420105;Supervisor de caixas e bilheteiros (exceto caixa de banco)
420115;Supervisor de coletadores de apostas e de jogos
420120;Supervisor de entrevistadores e recenseadores
420125;Supervisor de recepcionistas
420130;Supervisor de telefonistas
420135;Supervisor de telemarketing e atendimento
421;CAIXAS, BILHETEIROS E AFINS
4211;Caixas e bilheteiros (exceto caixa de banco)
421105;Atendente comercial (agência postal)
421110;Bilheteiro de transportes coletivos
421115;Bilheteiro no serviço de diversões
421120;Emissor de passagens
421125;Operador de caixa
4212;Coletadores de apostas e de jogos
421205;Recebedor de apostas (loteria)
421210;Recebedor de apostas (turfe)
4213;Cobradores e afins
421305;Cobrador externo
421310;Cobrador interno
421315;Localizador (cobrador)
422;TRABALHADORES DE INFORMAÇÕES AO PÚBLICO
4221;Recepcionistas
422105;Recepcionista, em geral
422110;Recepcionista de consultório médico ou dentário
422115;Recepcionista de seguro saúde
422120;Recepcionista de hotel
422125;Recepcionista de banco
4222;Operadores de telefonia
422205;Telefonista
422210;Teleoperador
422215;Monitor de teleatendimento
422220;Operador de rádio-chamada
4223;Operadores de telemarketing
422305;Operador de telemarketing ativo
422310;Operador de telemarketing ativo e receptivo
422315;Operador de telemarketing receptivo
422320;Operador de telemarketing técnico
423;DESPACHANTES
4231;Despachantes documentalistas e afins
423105;Despachante documentalista
424;ENTREVISTADORES, RECENSEADORES E AFINS
4241;Entrevistadores e recenseadores
424105;Entrevistador censitário e de pesquisas amostrais
424110;Entrevistador de pesquisa de opinião e mídia
424115;Entrevistador de pesquisas de mercado
424120;Entrevistador de preços
424125;Escriturário em estatística
5;TRABALHADORES DOS SERVIÇOS, VENDEDORES DO COMÉRCIO EM LOJAS E MERCADOS
51;TRABALHADORES DOS SERVIÇOS
510;SUPERVISORES DOS SERVIÇOS
5101;Supervisores dos serviços de transporte, turismo, hotelaria e administração de edifícios
510105;Supervisor de transportes
510110;Administrador de edifícios
510115;Supervisor de andar
510120;Chefe de portaria de hotel
271105;Chefe de cozinha
510130;Chefe de bar
5102;Supervisores de lavanderia
510205;Supervisor de lavanderia
5103;Supervisores dos serviços de proteção, segurança e outros
510305;Supervisor de bombeiros
510310;Supervisor de vigilantes
511;TRABALHADORES DOS SERVIÇOS DE TRANSPORTE E TURISMO
5111;Trabalhadores de segurança e atendimento aos usuários nos transportes
511105;Comissário de vôo
511110;Comissário de trem
511115;Taifeiro (exceto militares)
5112;Fiscais e cobradores dos transportes coletivos
511205;Fiscal de transportes coletivos (exceto trem)
511210;Despachante de transportes coletivos (exceto trem)
511215;Cobrador de transportes coletivos (exceto trem)
511220;Bilheteiro (estações de metrô, ferroviárias e assemelhadas)
5114;Guias de turismo
511405;Guia de turismo
512;TRABALHADORES DOS SERVIÇOS DOMÉSTICOS EM GERAL
5121;Trabalhadores dos serviços domésticos em geral
512105;Empregado doméstico nos serviços gerais
512110;Empregado doméstico arrumador
512115;Empregado doméstico faxineiro
512120;Empregado doméstico diarista
513;TRABALHADORES DOS SERVIÇOS DE HOTELARIA E ALIMENTAÇÃO
5131;Mordomos e governantas
513105;Mordomo de residência
513110;Mordomo de hotelaria
513115;Governanta de hotelaria
513405;Garçom
5132;Cozinheiros
513205;Cozinheiro geral
513210;Cozinheiro do serviço doméstico
513215;Cozinheiro industrial
513220;Cozinheiro de hospital
513225;Cozinheiro de embarcações
5133;Camareiros, roupeiros e afins
513305;Camareira de teatro
513310;Camareira de televisão
513315;Camareiro de hotel
513320;Camareiro de embarcações
513325;Guarda-roupeira de cinema
5134;Garçons, barmen, copeiros e sommeliers
513410;Garçom (serviços de vinhos)
513415;Cumim
513420;Barman
513425;Copeiro
513430;Copeiro de hospital
513435;Atendente de lanchonete
5135;Trabalhadores auxiliares nos serviços de alimentação
513505;Auxiliar nos serviços de alimentação
5136;Churrasqueiros, pizzaiolos e sushimen
513605;Churrasqueiro
513610;Pizzaiolo
513615;Sushiman
514;TRABALHADORES NOS SERVIÇOS DE ADMINISTRAÇÃO, CONSERVAÇÃO E MANUTENÇÃO DE EDIFÍCIOS E LOGRADOUROS
5141;Trabalhadores nos serviços de administração de edifícios
514105;Ascensorista
514110;Garagista
514115;Sacristão
514120;Zelador de edifício
5142;Trabalhadores nos serviços de coleta de resíduos, de limpeza e conservação de áreas públicas
514205;Coletor de lixo domiciliar
514215;Varredor de rua
514225;Trabalhador de serviços de limpeza e conservação de áreas públicas
514230;Coletor de resíduos sólidos de serviços de saúde
5143;Trabalhadores nos  serviços de manutenção de edificações
514305;Limpador de vidros
514310;Auxiliar de manutenção predial
514315;Limpador de fachadas
514320;Faxineiro
514325;Trabalhador da manutenção de edificações
514330;Limpador de piscinas
515;TRABALHADORES DOS SERVIÇOS DE SAÚDE
5151;Trabalhadores em serviços de promoção e apoio à saúde
515105;Agente comunitário de saúde
515110;Atendente de enfermagem
515115;Parteira leiga
515120;Visitador sanitário
5152;Auxiliares de laboratório da saúde
515205;Auxiliar de banco de sangue
515210;Auxiliar de farmácia de manipulação
515215;Auxiliar de laboratório de análises clínicas
515220;Auxiliar de laboratório de imunobiológicos
515225;Auxiliar de produção farmacêutica
5153;Trabalhadores de atenção, defesa e proteção a pessoas em situação de risco
515305;Educador social
515310;Agente de ação social
515315;Monitor de dependente químico
515320;Conselheiro tutelar
516;TRABALHADORES NOS SERVIÇOS DE EMBELEZAMENTO E CUIDADOS PESSOAIS
5161;Trabalhadores nos serviços de embelezamento e higiene
516105;Barbeiro
516110;Cabeleireiro
516120;Manicure
516125;Maquiador
516130;Maquiador de caracterização
516140;Pedicure
5162;Cuidadores de crianças, jovens, adultos e idosos
516205;Babá
516210;Cuidador de idosos
516215;Mãe social
5163;Tintureiros, lavadeiros e afins, a máquina
516305;Lavadeiro, em geral
516310;Lavador de roupas a maquina
516315;Lavador de artefatos de tapeçaria
516320;Limpador a seco, à máquina
516325;Passador de roupas em geral
516330;Tingidor de roupas
516335;Conferente-expedidor de roupas (lavanderias)
516340;Atendente de lavanderia
516345;Auxiliar de lavanderia
5164;Lavadores e passadores de roupa, a mão
516405;Lavador de roupas
516410;Limpador de roupas a seco, à mão
516415;Passador de roupas, à mão
5165;Trabalhadores dos serviços funerários
516505;Agente funerário
5166;Trabalhadores auxiliares dos serviços funerários
516605;Operador de forno (serviços funerários)
516610;Sepultador
5167;Astrólogos e numerólogos
516705;Astrólogo
516710;Numerólogo
5168;Esotéricos e paranormais
516805;Esotérico
516810;Paranormal
517115;Salva-vidas
517;TRABALHADORES NOS SERVIÇOS DE PROTEÇÃO E SEGURANÇA
5171;Bombeiros e salva-vidas
517105;Bombeiro de aeródromo
517110;Bombeiro civil
5172;Policiais, guardas-civis municipais e agentes de trânsito
517205;Agente de polícia federal
517210;Policial rodoviário federal
517215;Guarda-civil municipal
517220;Agente de trânsito
5173;Vigilantes e guardas de segurança
517305;Agente de proteção de aeroporto
517310;Agente de segurança
517315;Agente de segurança penitenciária
517320;Vigia florestal
517325;Vigia portuário
517330;Vigilante
5174;Porteiros e vigias
517405;Porteiro (hotel)
517410;Porteiro de edifícios
517415;Porteiro de locais de diversão
517420;Vigia
519;OUTROS TRABALHADORES DE SERVIÇOS DIVERSOS
5191;Motociclistas e ciclistas de entregas rápidas
519105;Ciclista mensageiro
519110;Motociclista no transporte de documentos e pequenos volumes
5192;Trabalhadores da coleta e seleção de material reciclável
519205;Catador de material reciclável
5193;Trabalhadores de serviços veterinários, de higiene e estética de animais domésticos
519305;Auxiliar de veterinário
519310;Esteticista de animais domésticos
519315;Banhista de animais domésticos
519320;Tosador de animais domésticos
5198;Profissionais do sexo
519805;Profissional do sexo
5199;Outros trabalhadores dos serviços
519905;Cartazeiro
519910;Controlador de pragas
519915;Engraxate
519920;Gandula
519925;Guardador de veículos
519930;Lavador de garrafas, vidros e outros utensílios
519935;Lavador de veículos
519940;Leiturista
519945;Recepcionista de casas de espetáculos
52;VENDEDORES E PRESTADORES DE SERVIÇOS DO COMÉRCIO
520;SUPERVISORES DE VENDAS E DE PRESTAÇÃO DE SERVIÇOS
5201;Supervisores de vendas e de prestação de serviços
520105;Supervisor de vendas de serviços
520110;Supervisor de vendas comercial
521;VENDEDORES E DEMONSTRADORES
5211;Operadores do comércio em lojas e mercados
521105;Vendedor em comércio atacadista
521110;Vendedor de comércio varejista
521115;Promotor de vendas
521120;Demonstrador de mercadorias
521125;Repositor de mercadorias
521130;Atendente de farmácia - balconista
521135;Frentista
522;REPOSITORES E REMARCADORES DO COMÉRCIO
523;INSTALADORES DE PRODUTOS E ACESSÓRIOS
5231;Instaladores de produtos e acessórios
523105;Instalador de cortinas e persianas, portas sanfonadas e boxe
523110;Instalador de som e acessórios de veículos
523115;Chaveiro
524;VENDEDORES A DOMICÍLIO, AMBULANTES E EM BANCAS
5241;Vendedores em domicílio
524105;Vendedor em domicílio
5242;Vendedores em bancas, quiosques e barracas
524205;Feirante
524210;Jornaleiro (em banca de jornal)
524215;Vendedor permissionário
5243;Vendedores ambulantes
524305;Vendedor ambulante
524310;Pipoqueiro ambulante
6;TRABALHADORES AGROPECUÁRIOS, FLORESTAIS E DA PESCA
61;PRODUTORES NA EXPLORAÇÃO AGROPECUÁRIA
611;PRODUTORES AGROPECUÁRIOS EM GERAL
6110;Produtores agropecuários em geral
611005;Produtor agropecuário, em geral
612;PRODUTORES AGRÍCOLAS
6120;Produtores agrícolas polivalentes
612005;Produtor agrícola polivalente
6121;Produtores agrícolas na cultura de gramíneas
612105;Produtor de arroz
612110;Produtor de cana-de-açúcar
612115;Produtor de cereais de inverno
612120;Produtor de gramíneas forrageiras
612125;Produtor de milho e sorgo
6122;Produtores agrícolas na cultura de plantas fibrosas
612205;Produtor de algodão
612210;Produtor de curauá
612215;Produtor de juta
612220;Produtor de rami
612225;Produtor de sisal
612605;Cafeicultor
6123;Produtores agrícolas na olericultura
612305;Produtor na olericultura de legumes
612310;Produtor na olericultura de raízes, bulbos e tubérculos
612315;Produtor na olericultura de talos, folhas e flores
612320;Produtor na olericultura de frutos e sementes
6124;Produtores agrícolas no cultivo de flores e plantas ornamentais
612405;Produtor de flores de corte
612410;Produtor de flores em vaso
612415;Produtor de forrações
612420;Produtor de plantas ornamentais
6125;Produtores agrícolas na fruticultura
612505;Produtor de árvores frutíferas
612510;Produtor de espécies frutíferas rasteiras
612515;Produtor de espécies frutíferas trepadeiras
6126;Produtores agrícolas na cultura de plantas estimulantes
612610;Produtor de cacau
612615;Produtor de erva-mate
612620;Produtor de fumo
612625;Produtor de guaraná
6127;Produtores agrícolas na cultura de plantas oleaginosas
612705;Produtor da cultura de amendoim
612710;Produtor da cultura de canola
612715;Produtor da cultura de coco-da-baia
612720;Produtor da cultura de dendê
612725;Produtor da cultura de girassol
612730;Produtor da cultura de linho
612735;Produtor da cultura de mamona
612740;Produtor da cultura de soja
6128;Produtores de especiarias e de plantas aromáticas e medicinais
612805;Produtor de especiarias
612810;Produtor de plantas aromáticas e medicinais
613;PRODUTORES EM PECUÁRIA
6130;Produtores em pecuária polivalente
613005;Criador em pecuária polivalente
613010;Criador de animais domésticos
6131;Produtores em pecuária de animais de grande porte
613105;Criador de asininos e muares
613110;Criador de bovinos (corte)
613115;Criador de bovinos (leite)
613120;Criador de bubalinos (corte)
613125;Criador de bubalinos (leite)
613130;Criador de eqüínos
6132;Produtores em pecuária de animais de médio porte
613205;Criador de caprinos
613210;Criador de ovinos
613215;Criador de suínos
6133;Produtores da avicultura e cunicultura
613305;Avicultor
613310;Cunicultor
6134;Produtores de animais e insetos úteis
613405;Apicultor
613410;Criador de animais produtores de veneno
613415;Minhocultor
613420;Sericultor
62;TRABALHADORES NA EXPLORAÇÃO AGROPECUÁRIA
620;SUPERVISORES NA EXPLORAÇÃO AGROPECUÁRIA
6201;Supervisores na exploração agropecuária
620105;Supervisor de exploração agrícola
620110;Supervisor de exploração agropecuária
620115;Supervisor de exploração pecuária
621;TRABALHADORES NA EXPLORAÇÃO AGROPECUÁRIA EM GERAL
6210;Trabalhadores agropecuários em geral
621005;Trabalhador agropecuário em geral
622;TRABALHADORES AGRÍCOLAS
6220;Trabalhadores de apoio à agricultura
622005;Caseiro (agricultura)
622010;Jardineiro
622015;Trabalhador na produção de mudas e sementes
622020;Trabalhador volante da agricultura
6221;Trabalhadores agrícolas na cultura de gramíneas
622105;Trabalhador da cultura de arroz
622110;Trabalhador da cultura de cana-de-açúcar
622115;Trabalhador da cultura de milho e sorgo
622120;Trabalhador da cultura de trigo, aveia, cevada e triticale
6222;Trabalhadores agrícolas na cultura de plantas fibrosas
622205;Trabalhador da cultura de algodão
622210;Trabalhador da cultura de sisal
622215;Trabalhador da cultura do rami
6223;Trabalhadores agrícolas na olericultura
622305;Trabalhador na olericultura (frutos e sementes)
622310;Trabalhador na olericultura (legumes)
622315;Trabalhador na olericultura (raízes, bulbos e tubérculos)
622320;Trabalhador na olericultura (talos, folhas e flores)
622405;Trabalhador no cultivo de flores e folhagens de corte
6224;Trabalhadores agrícolas no cultivo de flores e plantas ornamentais
622410;Trabalhador no cultivo de flores em vaso
622415;Trabalhador no cultivo de forrações
622420;Trabalhador no cultivo de mudas
622425;Trabalhador no cultivo de plantas ornamentais
6225;Trabalhadores agrícolas na fruticultura
622505;Trabalhador no cultivo de árvores frutíferas
622510;Trabalhador no cultivo de espécies frutíferas rasteiras
622515;Trabalhador no cultivo de trepadeiras frutíferas
6226;Trabalhadores agrícolas nas culturas de plantas estimulantes
622605;Trabalhador da cultura de cacau
622610;Trabalhador da cultura de café
622615;Trabalhador da cultura de erva-mate
622620;Trabalhador da cultura de fumo
622625;Trabalhador da cultura de guaraná
6227;Trabalhadores agrícolas na cultura de plantas oleaginosas
622705;Trabalhador na cultura de amendoim
622710;Trabalhador na cultura de canola
622715;Trabalhador na cultura de coco-da-baía
622720;Trabalhador na cultura de dendê
622725;Trabalhador na cultura de mamona
622730;Trabalhador na cultura de soja
622735;Trabalhador na cultura do girassol
622740;Trabalhador na cultura do linho
6228;Trabalhadores agrícolas da cultura de especiarias e de plantas aromáticas e medicinais
622805;Trabalhador da cultura de especiarias
622810;Trabalhador da cultura de plantas aromáticas e medicinais
623;TRABALHADORES NA PECUÁRIA
6230;Tratadores polivalentes de animais
623005;Adestrador de animais
623010;Inseminador
623015;Trabalhador de pecuária polivalente
623020;Tratador de animais
6231;Trabalhadores na pecuária de animais de grande porte
623105;Trabalhador da pecuária (asininos e muares)
623110;Trabalhador da pecuária (bovinos corte)
623115;Trabalhador da pecuária (bovinos leite)
623120;Trabalhador da pecuária (bubalinos)
623125;Trabalhador da pecuária (eqüinos)
6232;Trabalhadores na pecuária de animais de médio porte
623205;Trabalhador da caprinocultura
623210;Trabalhador da ovinocultura
623215;Trabalhador da suinocultura
6233;Trabalhadores na avicultura e cunicultura
623305;Trabalhador da avicultura de corte
623310;Trabalhador da avicultura de postura
623315;Operador de incubadora
623320;Trabalhador da cunicultura
623325;Sexador
6234;Trabalhadores na criação de insetos e animais úteis
623405;Trabalhador em criatórios de animais produtores de veneno
623410;Trabalhador na apicultura
623415;Trabalhador na minhocultura
623420;Trabalhador na sericicultura
63;PESCADORES E EXTRATIVISTAS FLORESTAIS
630;SUPERVISORES NA EXPLORAÇÃO FLORESTAL E PESCA
6301;Supervisores na área florestal e aqüicultura
630105;Supervisor da aqüicultura
630110;Supervisor da área florestal
631;PESCADORES E CAÇADORES
6310;Pescadores polivalentes
631005;Catador de caranguejos e siris
631010;Catador de mariscos
631015;Pescador artesanal de lagostas
631020;Pescador artesanal de peixes e camarões
6311;Pescadores profissionais artesanais de água doce
631105;Pescador artesanal de água doce
6312;Pescadores de água costeira e alto mar
631205;Pescador industrial
631210;Pescador profissional
6313;Criadores de animais aquáticos
631305;Criador de camarões
631310;Criador de jacarés
631315;Criador de mexilhões
631320;Criador de ostras
631325;Criador de peixes
631330;Criador de quelônios
631335;Criador de rãs
6314;Trabalhadores de apoio à pesca
631405;Gelador industrial
631410;Gelador profissional
631415;Proeiro
631420;Redeiro (pesca)
632;EXTRATIVISTAS FLORESTAIS
6320;Trabalhadores florestais polivalentes
632010;Raizeiro
632005;Guia florestal
632015;Viveirista florestal
6321;Extrativistas e reflorestadores de espécies produtoras de madeira
632105;Classificador de toras
632110;Cubador de madeira
632115;Identificador florestal
632120;Operador de motosserra
632125;Trabalhador de extração florestal, em geral
6322;Extrativistas florestais de espécies produtoras de gomas e resinas
632205;Seringueiro
632210;Trabalhador da exploração de espécies produtoras de gomas não elásticas
632215;Trabalhador da exploração de resinas
6323;Extrativistas florestais de espécies produtoras de fibras, ceras e óleos
632305;Trabalhador da exploração de andiroba
632310;Trabalhador da exploração de babaçu
632315;Trabalhador da exploração de bacaba
632320;Trabalhador da exploração de buriti
632325;Trabalhador da exploração de carnaúba
632330;Trabalhador da exploração de coco-da-praia
632335;Trabalhador da exploração de copaíba
632340;Trabalhador da exploração de malva (pãina)
632345;Trabalhador da exploração de murumuru
632350;Trabalhador da exploração de oiticica
632355;Trabalhador da exploração de ouricuri
632360;Trabalhador da exploração de pequi
632365;Trabalhador da exploração de piaçava
632370;Trabalhador da exploração de tucum
6324;Extrativistas florestais de espécies produtoras de alimentos silvestres
632405;Trabalhador da exploração de açaí
632410;Trabalhador da exploração de castanha
632415;Trabalhador da exploração de pinhão
632420;Trabalhador da exploração de pupunha
6325;Extrativistas florestais de espécies produtoras de substâncias aromáticas, medicinais e tóxicas
632505;Trabalhador da exploração de árvores e arbustos produtores de substâncias aromát., Medic. E tóxicas
632510;Trabalhador da exploração de cipós produtores de substâncias aromáticas, medicinais e tóxicas
632515;Trabalhador da exploração de madeiras tanantes
632520;Trabalhador da exploração de raízes produtoras de substâncias aromáticas, medicinais e tóxicas
632525;Trabalhador da extração de substâncias aromáticas, medicinais e tóxicas, em geral
6326;Carvoejadores
632605;Carvoeiro
632610;Carbonizador
632615;Ajudante de carvoaria
64;TRABALHADORES DA MECANIZAÇÃO AGROPECUÁRIA E FLORESTAL
641;TRABALHADORES DA MECANIZAÇÃO AGROPECUÁRIA
6410;Trabalhadores da mecanização agrícola
641005;Operador de colheitadeira
641010;Operador de máquinas de beneficiamento de produtos agrícolas
641015;Tratorista agrícola
642;TRABALHADORES DA MECANIZAÇÃO FLORESTAL
6420;Trabalhadores da mecanização florestal
642005;Operador de colhedor florestal
642010;Operador de máquinas florestais estáticas
642015;Operador de trator florestal
643;TRABALHADORES DA IRRIGAÇÃO E DRENAGEM
6430;Trabalhadores da irrigação e drenagem
643005;Trabalhador na operação de sistema de irrigação localizada (microaspersão e gotejamento)
643010;Trabalhador na operação de sistema de irrigação por aspersão (pivô central)
643015;Trabalhador na operação de sistemas convencionais de irrigação por aspersão
643020;Trabalhador na operação de sistemas de irrigação e aspersão (alto propelido)
643025;Trabalhador na operação de sistemas de irrigação por superfície e drenagem
7;TRABALHADORES DA PRODUÇÃO DE BENS E SERVIÇOS INDUSTRIAIS
71;TRABALHADORES DA INDÚSTRIA EXTRATIVA E DA CONSTRUÇÃO CIVIL
710;SUPERVISORES DA EXTRAÇÃO MINERAL E DA CONSTRUÇÃO CIVIL
7101;Supervisores da extração mineral
710105;Supervisor de apoio operacional na mineração
710110;Supervisor de extração de sal
710115;Supervisor de perfuração e desmonte
710120;Supervisor de produção na mineração
710125;Supervisor de transporte na mineração
7102;Supervisores da construção civil
710205;Mestre (construção civil)
710210;Mestre de linhas (ferrovias)
710215;Inspetor de terraplenagem
710220;Supervisor de usina de concreto
710225;Fiscal de pátio de usina de concreto
711;TRABALHADORES DA EXTRAÇÃO MINERAL
7111;Trabalhadores da extração de minerais sólidos
711105;Amostrador de minérios
711110;Canteiro
711115;Destroçador de pedra
711120;Detonador
711125;Escorador de minas
711130;Mineiro
7112;Trabalhadores de extração de minerais sólidos (operadores de máquinas)
711205;Operador de caminhão (minas e pedreiras)
711210;Operador de carregadeira
711215;Operador de máquina cortadora (minas e pedreiras)
711220;Operador de máquina de extração contínua (minas de carvão)
711225;Operador de máquina perfuradora (minas e pedreiras)
711230;Operador de máquina perfuratriz
711235;Operador de motoniveladora (extração de minerais sólidos)
711240;Operador de schutthecar
711245;Operador de trator (minas e pedreiras)
7113;Trabalhadores da extração de minerais líquidos e gasosos
711305;Operador de sonda de percussão
711310;Operador de sonda rotativa
711315;Sondador (poços de petróleo e gás)
711320;Sondador de poços (exceto de petróleo e gás)
711325;Plataformista (petróleo)
711330;Torrista (petróleo)
7114;Garimpeiros e operadores de salinas
711405;Garimpeiro
711410;Operador de salina (sal marinho)
712;TRABALHADORES DE BENEFICIAMENTO DE MINÉRIOS E PEDRAS ORNAMENTAIS
7121;Trabalhadores de beneficiamento de minérios
712105;Moleiro de minérios
712110;Operador de aparelho de flotação
712115;Operador de aparelho de precipitação (minas de ouro ou prata)
712120;Operador de britador de mandíbulas
712125;Operador de espessador
712130;Operador de jig (minas)
712135;Operador de peneiras hidráulicas
7122;Trabalhadores de beneficiamento de pedras ornamentais
712205;Cortador de pedras
712210;Gravador de inscrições em pedra
712215;Gravador de relevos em pedra
712220;Polidor de pedras
712225;Torneiro (lavra de pedra)
712230;Traçador de pedras
715;TRABALHADORES DA CONSTRUÇÃO CIVIL E OBRAS PÚBLICAS
7151;Trabalhadores na operação de máquinas de terraplenagem e fundações
715105;Operador de bate-estacas
715110;Operador de compactadora de solos
715115;Operador de escavadeira
715120;Operador de máquina de abrir valas
715125;Operador de máquinas de construção civil e mineração
715130;Operador de motoniveladora
715135;Operador de pá carregadeira
715140;Operador de pavimentadora (asfalto, concreto e materiais similares)
715145;Operador de trator de lâmina
7152;Trabalhadores de estruturas de alvenaria
715205;Calceteiro
715210;Pedreiro
715215;Pedreiro (chaminés industriais)
715220;Pedreiro (material refratário)
715225;Pedreiro (mineração)
715230;Pedreiro de edificações
7153;Montadores de estruturas de concreto armado
715305;Armador de estrutura de concreto
715310;Moldador de corpos de prova em usinas de concreto
715315;Armador de estrutura de concreto armado
7154;Trabalhadores na operação de máquinas de concreto usinado
715405;Operador de betoneira
715410;Operador de bomba de concreto
715415;Operador de central de concreto
7155;Trabalhadores de montagem de estruturas de madeira, metal e compósitos em obras civis
715505;Carpinteiro
715510;Carpinteiro (esquadrias)
715515;Carpinteiro (cenários)
715520;Carpinteiro (mineração)
715525;Carpinteiro de obras
715530;Carpinteiro (telhados)
715535;Carpinteiro de fôrmas para concreto
715545;Montador de andaimes (edificações)
716305;Vidraceiro
715540;Carpinteiro de obras civis de arte (pontes, túneis, barragens)
7156;Trabalhadores de instalações elétricas
715605;Eletricista de instalações (cenários)
715610;Eletricista de instalações (edifícios)
715615;Eletricista de instalações
7157;Aplicadores de materiais isolantes
715705;Aplicador de asfalto impermeabilizante (coberturas)
715710;Instalador de isolantes acústicos
715715;Instalador de isolantes térmicos (refrigeração e climatização)
715720;Instalador de isolantes térmicos de caldeira e tubulações
715725;Instalador de material isolante, a mão (edificações)
715730;Instalador de material isolante, a máquina (edificações)
716;TRABALHADORES DE ACABAMENTO DE OBRAS
7161;Revestidores de concreto
716105;Acabador de superfícies de concreto
716110;Revestidor de superfícies de concreto
7162;Telhadores (revestimentos rígidos)
716205;Telhador (telhas de argila e materiais similares)
716210;Telhador (telhas de cimento-amianto)
716215;Telhador (telhas metálicas)
716220;Telhador (telhas plásticas)
7163;Vidraceiros (revestimentos rígidos)
716310;Vidraceiro (edificações)
716315;Vidraceiro (vitrais)
7164;Gesseiros
716405;Gesseiro
7165;Aplicadores de revestimentos cerâmicos, pastilhas, pedras e madeiras
716505;Assoalhador
716510;Ladrilheiro
716515;Pastilheiro
716520;Lustrador de piso
716525;Marmorista (construção)
716530;Mosaísta
716535;Taqueiro
7166;Pintores de obras e revestidores de interiores (revestimentos flexíveis)
716605;Calafetador
716610;Pintor de obras
716615;Revestidor de interiores (papel, material plástico e emborrachados)
717;AJUDANTES DE OBRAS
7170;Ajudantes de obras civis
717005;Demolidor de edificações
717010;Operador de martelete
717015;Poceiro (edificações)
717020;Servente de obras
717025;Vibradorista
72;TRABALHADORES DA TRANSFORMAÇÃO DE METAIS E DE COMPÓSITOS
720;SUPERVISORES DA TRANSFORMAÇÃO DE METAIS E DE COMPÓSITOS
7201;Supervisores de usinagem, conformação e tratamento de metais
720105;Mestre (afiador de ferramentas)
720110;Mestre de caldeiraria
720115;Mestre de ferramentaria
720120;Mestre de forjaria
720125;Mestre de fundição
720130;Mestre de galvanoplastia
720135;Mestre de pintura (tratamento de superfícies)
720140;Mestre de soldagem
720145;Mestre de trefilação de metais
720150;Mestre de usinagem
720155;Mestre serralheiro
720160;Supervisor de controle de tratamento térmico
7202;Supervisores da fabricação e montagem metalmecânica
720205;Mestre (construção naval)
720210;Mestre (indústria de automotores e material de transportes)
720215;Mestre (indústria de máquinas e outros equipamentos mecânicos)
720220;Mestre de construção de fornos
721;TRABALHADORES DE USINAGEM DE METAIS E DE COMPÓSITOS
7211;Ferramenteiros e afins
721105;Ferramenteiro
721110;Ferramenteiro de mandris, calibradores e outros dispositivos
721115;Modelador de metais (fundição)
7212;Preparadores e operadores de máquinas-ferramenta convencionais
721205;Operador de máquina de eletroerosão
721210;Operador de máquinas operatrizes
721215;Operador de máquinas-ferramenta convencionais
721220;Operador de usinagem convencional por abrasão
721225;Preparador de máquinas-ferramenta
7213;Afiadores e polidores de metais
721305;Afiador de cardas
721310;Afiador de cutelaria
721315;Afiador de ferramentas
721320;Afiador de serras
721325;Polidor de metais
7214;Operadores de máquinas de usinagem cnc
721405;Operador de centro de usinagem com comando numérico
721410;Operador de fresadora com comando numérico
722105;Forjador
721415;Operador de mandriladora com comando numérico
721420;Operador de máquina eletroerosão, à fio, com comando numérico
721425;Operador de retificadora com comando numérico
721430;Operador de torno com comando numérico
722;TRABALHADORES DE CONFORMAÇÃO DE METAIS E DE COMPÓSITOS
7221;Trabalhadores de forjamento de metais
722110;Forjador a martelo
722115;Forjador prensista
7222;Trabalhadores de fundição de metais puros e de ligas metálicas
722205;Fundidor de metais
722210;Lingotador
722215;Operador de acabamento de peças fundidas
722220;Operador de máquina centrifugadora de fundição
722225;Operador de máquina de fundir sob pressão
722230;Operador de vazamento (lingotamento)
722235;Preparador de panelas (lingotamento)
7223;Trabalhadores de moldagem de metais e de ligas metálicas
722305;Macheiro, a mão
722310;Macheiro, a máquina
722315;Moldador, a mão
722320;Moldador, a máquina
722325;Operador de equipamentos de preparação de areia
722330;Operador de máquina de moldar automatizada
7224;Trabalhadores de trefilação e estiramento de metais puros e ligas metálicas
722405;Cableador
722410;Estirador de tubos de metal sem costura
722415;Trefilador de metais, à máquina
723;TRABALHADORES DE TRATAMENTO TÉRMICO E DE SUPERFÍCIES DE METAIS E DE COMPÓSITOS
7231;Trabalhadores de tratamento térmico de metais
723105;Cementador de metais
723110;Normalizador de metais e de compósitos
723115;Operador de equipamento para resfriamento
723120;Operador de forno de tratamento térmico de metais
723125;Temperador de metais e de compósitos
7232;Trabalhadores de tratamento de superfícies de metais e de compósitos (termoquímicos)
723205;Decapador
723210;Fosfatizador
723215;Galvanizador
723220;Metalizador a pistola
723225;Metalizador (banho quente)
723230;Operador de máquina recobridora de arame
723235;Operador de zincagem (processo eletrolítico)
723240;Oxidador
7233;Trabalhadores da pintura de equipamentos, veículos, estruturas metálicas e de compósitos
723305;Operador de equipamento de secagem de pintura
723310;Pintor a pincel e rolo (exceto obras e estruturas metálicas)
723315;Pintor de estruturas metálicas
723320;Pintor de veículos (fabricação)
723325;Pintor por imersão
723330;Pintor, a pistola (exceto obras e estruturas metálicas)
724;TRABALHADORES DE MONTAGEM DE TUBULAÇÕES, ESTRUTURAS METÁLICAS E DE COMPÓSITOS
7241;Encanadores e instaladores de tubulações
724105;Assentador de canalização (edificações)
724110;Encanador
724115;Instalador de tubulações
724120;Instalador de tubulações (aeronaves)
724125;Instalador de tubulações (embarcações)
724130;Instalador de tubulações de gás combustível (produção e distribuição)
724135;Instalador de tubulações de vapor (produção e distribuição)
7242;Trabalhadores de traçagem e montagem de estruturas metálicas e de compósitos
724205;Montador de estruturas metálicas
724210;Montador de estruturas metálicas de embarcações
724215;Rebitador a martelo pneumático
724220;Preparador de estruturas metálicas
724225;Riscador de estruturas metálicas
724230;Rebitador, a mão
7243;Trabalhadores de soldagem e corte de ligas metálicas
724305;Brasador
724310;Oxicortador a mão e a máquina
724315;Soldador
724320;Soldador a oxigás
724325;Soldador elétrico
7244;Trabalhadores de caldeiraria e serralheria
724405;Caldeireiro (chapas de cobre)
724410;Caldeireiro (chapas de ferro e aço)
724415;Chapeador
724420;Chapeador de carrocerias metálicas (fabricação)
724425;Chapeador naval
724430;Chapeador de aeronaves
751010;Joalheiro
724435;Funileiro industrial
724440;Serralheiro
7245;Operadores de máquinas de conformação de metais
724505;Operador de máquina de cilindrar chapas
724510;Operador de máquina de dobrar chapas
724515;Prensista (operador de prensa)
7246;Trançadores e laceiros de cabos de aço
724605;Operador de laços de cabos de aço
724610;Trançador de cabos de aço
725;MONTADORES DE MÁQUINAS E APARELHOS MECÂNICOS
7250;Ajustadores mecânicos polivalentes
725005;Ajustador ferramenteiro
725010;Ajustador mecânico
725015;Ajustador mecânico (usinagem em bancada e em máquinas-ferramentas)
725020;Ajustador mecânico em bancada
725025;Ajustador naval (reparo e construção)
7251;Montadores de máquinas, aparelhos e acessórios em linhas de montagem
725105;Montador de máquinas, motores e acessórios (montagem em série)
7252;Montadores de máquinas industriais
725205;Montador de máquinas
725210;Montador de máquinas gráficas
725215;Montador de máquinas operatrizes para madeira
725220;Montador de máquinas têxteis
725225;Montador de máquinas-ferramentas (usinagem de metais)
7253;Montadores de máquinas pesadas e equipamentos agrícolas
725305;Montador de equipamento de levantamento
725310;Montador de máquinas agrícolas
725315;Montador de máquinas de minas e pedreiras
725320;Montador de máquinas de terraplenagem
7254;Mecânicos montadores de motores e turboalimentadores
725405;Mecânico montador de motores de aeronaves
725410;Mecânico montador de motores de embarcações
725415;Mecânico montador de motores de explosão e diesel
725420;Mecânico montador de turboalimentadores
7255;Montadores de veículos automotores (linha de montagem)
725505;Montador de veículos (linha de montagem)
725510;Operador de time de montagem
7256;Montadores de sistemas e estruturas de aeronaves
725605;Montador de estruturas de aeronaves
725610;Montador de sistemas de combustível de aeronaves
7257;Instaladores de equipamentos de refrigeração e ventilação
725705;Mecânico de refrigeração
73;TRABALHADORES DA FABRICAÇÃO E INSTALAÇÃO ELETROELETRÔNICA
730;SUPERVISORES DE MONTAGENS E INSTALAÇÕES ELETROELETRÔNICAS
7301;Supervisores de montagens e instalações eletroeletrônicas
730105;Supervisor de montagem e instalação eletroeletrônica
731;MONTADORES E INSTALADORES DE EQUIPAMENTOS ELETROELETRÔNICOS EM GERAL
7311;Montadores de equipamentos eletroeletrônicos
731105;Montador de equipamentos eletrônicos (aparelhos médicos)
731110;Montador de equipamentos eletrônicos (computadores e equipamentos auxiliares)
731115;Montador de equipamentos elétricos (instrumentos de medição)
731120;Montador de equipamentos elétricos (aparelhos eletrodomésticos)
731125;Montador de equipamentos elétricos (centrais elétricas)
731130;Montador de equipamentos elétricos (motores e dínamos)
731135;Montador de equipamentos elétricos
731140;Montador de equipamentos eletrônicos (instalações de sinalização)
731145;Montador de equipamentos eletrônicos (máquinas industriais)
731150;Montador de equipamentos eletrônicos
731155;Montador de equipamentos elétricos (elevadores e equipamentos similares)
731160;Montador de equipamentos elétricos (transformadores)
731165;Bobinador eletricista, à mão
731170;Bobinador eletricista, à máquina
731175;Operador de linha de montagem (aparelhos elétricos)
731180;Operador de linha de montagem (aparelhos eletrônicos)
7312;Montadores de aparelhos de telecomunicações
731205;Montador de equipamentos eletrônicos (estação de rádio, tv e equipamentos de radar)
7313;Instaladores-reparadores de linhas e equipamentos de telecomunicações
741120;Relojoeiro (fabricação)
731305;Instalador-reparador de equipamentos de comutação em telefonia
731310;Instalador-reparador de equipamentos de energia em telefonia
731315;Instalador-reparador de equipamentos de transmissão em telefonia
731320;Instalador-reparador de linhas e aparelhos de telecomunicações
731325;Instalador-reparador de redes e cabos telefônicos
731330;Reparador de aparelhos de telecomunicações em laboratório
732;INSTALADORES E REPARADORES DE LINHAS E CABOS ELÉTRICOS E DE COMUNICAÇÕES
7321;Instaladores e reparadores de linhas e cabos elétricos, telefônicos e de comunicação de dados
732105;Eletricista de manutenção de linhas elétricas, telefônicas e de comunicação de dados
732110;Emendador de cabos elétricos e telefônicos (aéreos e subterrâneos)
732115;Examinador de cabos, linhas elétricas e telefônicas
732120;Instalador de linhas elétricas de alta e baixa - tensão (rede aérea e subterrânea)
732125;Instalador eletricista (tração de veículos)
732130;Instalador-reparador de redes telefônicas e de comunicação de dados
732135;Ligador de linhas telefônicas
74;MONTADORES DE APARELHOS E INSTRUMENTOS DE PRECISÃO E MUSICAIS
740;SUPERVISORES DA MECÂNICA DE PRECISÃO E INSTRUMENTOS MUSICAIS
7401;Supervisores da mecânica de precisão e instrumentos musicais
740105;Supervisor da mecânica de precisão
740110;Supervisor de fabricação de instrumentos musicais
741;MONTADORES E AJUSTADORES DE INSTRUMENTOS DE PRECISÃO
7411;Mecânicos de instrumentos de precisão
741105;Ajustador de instrumentos de precisão
741110;Montador de instrumentos de óptica
741115;Montador de instrumentos de precisão
741125;Relojoeiro (reparação)
742;MONTADORES E AJUSTADORES DE INSTRUMENTOS MUSICAIS
7421;Confeccionadores de instrumentos musicais
742105;Afinador de instrumentos musicais
742110;Confeccionador de acordeão
742115;Confeccionador de instrumentos de corda
742120;Confeccionador de instrumentos de percussão (pele, couro ou plástico)
742125;Confeccionador de instrumentos de sopro (madeira)
742130;Confeccionador de instrumentos de sopro (metal)
742135;Confeccionador de órgão
742140;Confeccionador de piano
75;JOALHEIROS, VIDREIROS, CERAMISTAS E AFINS
750;SUPERVISORES DE JOALHERIA, VIDRARIA, CERÂMICA E AFINS
7501;Supervisores de joalheria e afins
750105;Supervisor de joalheria
7502;Supervisores de vidraria, cerâmica e afins
750205;Supervisor da indústria de minerais não metálicos (exceto os derivados de petróleo e carvão)
751;JOALHEIROS E OURIVES
7510;Joalheiros e lapidadores de gemas
751005;Engastador (jóias)
751015;Joalheiro (reparações)
751020;Lapidador (jóias)
7511;Artesãos de metais preciosos e semi-preciosos
751105;Bate-folha a máquina
751110;Fundidor (joalheria e ourivesaria)
751115;Gravador (joalheria e ourivesaria)
751120;Laminador de metais preciosos a mão
751125;Ourives
751130;Trefilador (joalheria e ourivesaria)
752;VIDREIROS, CERAMISTAS E AFINS
7521;Sopradores, moldadores e modeladores de vidros e afins
752105;Artesão modelador (vidros)
752110;Moldador (vidros)
752115;Soprador de vidro
752120;Transformador de tubos de vidro
7522;Trabalhadores da transformação de vidros planos
752205;Aplicador serigráfico em vidros
752210;Cortador de vidro
752215;Gravador de vidro a água-forte
752220;Gravador de vidro a esmeril
752225;Gravador de vidro a jato de areia
752230;Lapidador de vidros e cristais
752235;Surfassagista
7523;Ceramistas (preparação e fabricação)
752305;Ceramista
752310;Ceramista (torno de pedal e motor)
752315;Ceramista (torno semi-automático)
752320;Ceramista modelador
752325;Ceramista moldador
752330;Ceramista prensador
7524;Vidreiros e ceramistas (arte e decoração)
752405;Decorador de cerâmica
752410;Decorador de vidro
752415;Decorador de vidro à pincel
752420;Operador de esmaltadeira
752425;Operador de espelhamento
752430;Pintor de cerâmica, a pincel
76;TRABALHADORES NAS INDÚSTRIAS TÊXTIL, DO CURTIMENTO, DO VESTÚARIO E DAS ARTES GRÁFICAS
760;SUPERVISORES NAS INDÚSTRIAS TÊXTIL, DO CURTIMENTO, DO VESTUÁRIO E DAS ARTES GRÁFICAS
7601;Supervisores da indústria têxtil
760105;Contramestre de acabamento (indústria têxtil)
760110;Contramestre de fiação (indústria têxtil)
760115;Contramestre de malharia (indústria têxtil)
760120;Contramestre de tecelagem (indústria têxtil)
760125;Mestre (indústria têxtil e de confecções)
7602;Supervisores na indústria do curtimento
760205;Supervisor de curtimento
7603;Supervisores na confecção do vestuário
760305;Encarregado de corte na confecção do vestuário
760310;Encarregado de costura na confecção do vestuário
7604;Supervisores na confecção de calçados
760405;Supervisor (indústria de calçados e artefatos de couro)
7605;Supervisores da confecção de artefatos de tecidos, couros e afins
760505;Supervisor da confecção de artefatos de tecidos, couros e afins
7606;Supervisores das artes gráficas
760605;Supervisor das artes gráficas (indústria editorial e gráfica)
761;TRABALHADORES DAS INDUSTRIAS TÊXTEIS
7610;Trabalhadores polivalentes das indústrias têxteis
761005;Operador polivalente da indústria têxtil
7611;Trabalhadores da classificação de fibras têxteis e lavagem de lã
761105;Classificador de fibras têxteis
761110;Lavador de lã
7612;Operadores da fiação
761205;Operador de abertura (fiação)
761210;Operador de binadeira
761215;Operador de bobinadeira
761220;Operador de cardas
761225;Operador de conicaleira
761230;Operador de filatório
761235;Operador de laminadeira e reunideira
761240;Operador de maçaroqueira
761245;Operador de open-end
761250;Operador de passador (fiação)
761255;Operador de penteadeira
761260;Operador de retorcedeira
7613;Operadores de tear e máquinas similares
761303;Tecelão (redes)
761306;Tecelão (rendas e bordados)
761309;Tecelão (tear automático)
761312;Tecelão (tear jacquard)
761315;Tecelão (tear mecânico de maquineta)
761318;Tecelão (tear mecânico de xadrez)
761321;Tecelão (tear mecânico liso)
761324;Tecelão (tear mecânico, exceto jacquard)
761327;Tecelão de malhas, a máquina
761330;Tecelão de malhas (máquina circular)
761333;Tecelão de malhas (máquina retilínea)
761336;Tecelão de meias, a máquina
761339;Tecelão de meias (máquina circular)
761342;Tecelão de meias (máquina retilínea)
761345;Tecelão de tapetes, a máquina
761348;Operador de engomadeira de urdume
761351;Operador de espuladeira
761354;Operador de máquina de cordoalha
761357;Operador de urdideira
761360;Passamaneiro a máquina
761363;Remetedor de fios
761366;Picotador de cartões jacquard
7614;Trabalhadores de acabamento, tingimento e estamparia das indústrias têxteis
761405;Alvejador (tecidos)
761410;Estampador de tecido
761415;Operador de calandras (tecidos)
761420;Operador de chamuscadeira de tecidos
761425;Operador de impermeabilizador de tecidos
761430;Operador de máquina de lavar fios e tecidos
761435;Operador de rameuse
7618;Inspetores e revisores de produção têxtil
761805;Inspetor de estamparia (produção têxtil)
761810;Revisor de fios (produção têxtil)
761815;Revisor de tecidos acabados
761820;Revisor de tecidos crus
762120;Fuloneiro
762;TRABALHADORES DO TRATAMENTO DE COUROS E PELES
7620;Trabalhadores polivalentes do curtimento de couros e peles
762005;Trabalhador polivalente do curtimento de couros e peles
7621;Trabalhadores da preparação do curtimento de couros e peles
762105;Classificador de peles
762110;Descarnador de couros e peles, à maquina
762115;Estirador de couros e peles (preparação)
762125;Rachador de couros e peles
7622;Trabalhadores do curtimento de couros e peles
762205;Curtidor (couros e peles)
762210;Classificador de couros
762215;Enxugador de couros
762220;Rebaixador de couros
7623;Trabalhadores do acabamento de couros e peles
762305;Estirador de couros e peles (acabamento)
762310;Fuloneiro no acabamento de couros e peles
762315;Lixador de couros e peles
762320;Matizador de couros e peles
762325;Operador de máquinas do acabamento de couros e peles
762330;Prensador de couros e peles
762335;Palecionador de couros e peles
762340;Preparador de couros curtidos
762345;Vaqueador de couros e peles
763;TRABALHADORES DA CONFECÇÃO DE ROUPAS
7630;Profissionais polivalentes da confecção de roupas
763005;Alfaiate
763010;Costureira de peças sob encomenda
763015;Costureira de reparação de roupas
763020;Costureiro de roupa de couro e pele
7631;Trabalhadores da preparação da confecção de roupas
763105;Auxiliar de corte (preparação da confecção de roupas)
763110;Cortador de roupas
763115;Enfestador de roupas
763120;Riscador de roupas
763125;Ajudante de confecção
7632;Operadores de máquinas para costura de peças do vestuário
763205;Costureiro de roupas de couro e pele, a máquina na confecção em série
763210;Costureiro na confecção em série
763215;Costureiro, a máquina na confecção em série
7633;Operadores de máquinas para bordado e acabamento de roupas
763305;Arrematadeira
763310;Bordador, à máquina
763315;Marcador de peças confeccionadas para bordar
763320;Operador de máquina de costura de acabamento
763325;Passadeira de peças confeccionadas
764;TRABALHADORES DA CONFECÇÃO DE CALÇADOS
7640;Trabalhadores polivalentes da confecção de calçados
764005;Trabalhador polivalente da confecção de calçados
7641;Trabalhadores da preparação da confecção de calçados
764105;Cortador de calçados, a máquina (exceto solas e palmilhas)
764110;Cortador de solas e palmilhas, a máquina
764115;Preparador de calçados
764120;Preparador de solas e palmilhas
7642;Operadores de máquinas de costurar e montar calçados
764205;Costurador de calçados, a máquina
764210;Montador de calçados
7643;Trabalhadores de acabamento de calçados
764305;Acabador de calçados
765;TRABALHADORES DA CONFECÇÃO DE ARTEFATOS DE TECIDOS E COUROS
7650;Trabalhadores polivalentes da confecção de artefatos de tecidos e couros
765005;Confeccionador de artefatos de couro (exceto sapatos)
765010;Chapeleiro de senhoras
765015;Boneleiro
7651;Trabalhadores da preparação de artefatos de tecidos, couros e tapeçaria
765105;Cortador de artefatos de couro (exceto roupas e calçados)
765110;Cortador de tapeçaria
7652;Trabalhadores da confecção de artefatos de tecidos e couros
765205;Colchoeiro (confecção de colchões)
765215;Confeccionador de brinquedos de pano
765225;Confeccionador de velas náuticas, barracas e toldos
765230;Estofador de aviões
765235;Estofador de móveis
7653;Operadores de máquinas na confecção de artefatos de couro
765310;Costurador de artefatos de couro, a máquina (exceto roupas e calçados)
765315;Montador de artefatos de couro (exceto roupas e calçados)
766;TRABALHADORES DA PRODUÇÃO GRÁFICA
322130;Esteticista
7654;Trabalhadores do acabamento de artefatos de tecidos e couros
765405;Trabalhador do acabamento de artefatos de tecidos e couros
7661;Trabalhadores da pré-impressão gráfica
766105;Copiador de chapa
766115;Gravador de matriz para flexografia (clicherista)
766120;Editor de texto e imagem
766125;Montador de fotolito (analógico e digital)
766130;Gravador de matriz para rotogravura (eletromecânico e químico)
766135;Gravador de matriz calcográfica
766140;Gravador de matriz serigráfica
766145;Operador de sistemas de prova (analógico e digital)
766150;Operador de processo de tratamento de imagem
766155;Programador visual gráfico
7662;Trabalhadores da impressão gráfica
766205;Impressor (serigrafia)
766210;Impressor calcográfico
766215;Impressor de ofsete (plano e rotativo)
766220;Impressor de rotativa
766225;Impressor de rotogravura
766230;Impressor digital
766235;Impressor flexográfico
766240;Impressor letterset
766245;Impressor tampográfico
766250;Impressor tipográfico
7663;Trabalhadores do acabamento gráfico
766305;Acabador de embalagens (flexíveis e cartotécnicas)
766310;Impressor de corte e vinco
766315;Operador de acabamento (indústria gráfica)
766320;Operador de guilhotina (corte de papel)
766325;Preparador de matrizes de corte e vinco
7664;Trabalhadores de laboratório fotográfico e radiológico
766405;Laboratorista fotográfico
766410;Revelador de filmes fotográficos, em preto e branco
766415;Revelador de filmes fotográficos, em cores
766420;Auxiliar de radiologia (revelação fotográfica)
768;TRABALHADORES ARTESANAIS DAS ATIVIDADES TÊXTEIS, DO VESTUÁRIO E DAS ARTES GRÁFICAS
7681;Trabalhadores de tecelagem manual, tricô, crochê, rendas e afins
768105;Tecelão (tear manual)
768110;Tecelão de tapetes, a mão
768115;Tricoteiro, à mão
768120;Redeiro
768125;Chapeleiro (chapéus de palha)
768130;Crocheteiro, a mão
7682;Trabalhadores artesanais da confecção de peças e tecidos
768205;Bordador, a mão
768210;Cerzidor
7683;Trabalhadores artesanais da confecção de calçados e artefatos de couros e peles
768305;Artífice do couro
768310;Cortador de calçados, a mão (exceto solas)
768315;Costurador de artefatos de couro, a mão (exceto roupas e calçados)
768320;Sapateiro (calçados sob medida)
768325;Seleiro
7686;Trabalhadores tipográficos linotipistas e afins
768605;Tipógrafo
768610;Linotipista
768615;Monotipista
768620;Paginador
768625;Pintor de letreiros
768630;Confeccionador de carimbos de borracha
7687;Encadernadores e recuperadores de livros (pequenos lotes ou a unidade)
768705;Gravador, à mão (encadernação)
768710;Restaurador de livros
77;TRABALHADORES DAS INDÚSTRIAS DE MADEIRA E DO MOBILIÁRIO
770;SUPERVISORES EM INDÚSTRIA DE MADEIRA, MOBILIÁRIO E DA CARPINTARIA VEICULAR
7701;Supervisores em indústria de madeira, mobiliário e da carpintaria veicular
770105;Mestre (indústria de madeira e mobiliário)
770110;Mestre carpinteiro
771;MARCENEIROS E AFINS
7711;Marceneiros e afins
771105;Marceneiro
771110;Modelador de madeira
771115;Maquetista na marcenaria
771120;Tanoeiro
772;TRABALHADORES DA PREPARAÇÃO DA MADEIRA
7721;Trabalhadores de tratamento e preparação da madeira
772105;Classificador de madeira
772110;Impregnador de madeira
772115;Secador de madeira
773;TRABALHADORES DA TRANSFORMAÇÃO DA MADEIRA E DA FABRICAÇÃO DO MOBILIÁRIO
7731;Operadores de máquinas de desdobramento da madeira
773105;Cortador de laminados de madeira
773110;Operador de serras no desdobramento de madeira
773120;Serrador de madeira
773115;Serrador de bordas no desdobramento de madeira
773125;Serrador de madeira (serra circular múltipla)
773130;Serrador de madeira (serra de fita múltipla)
7732;Operadores de máquinas de aglomeração e prensagem de chapas
773205;Operador de máquina intercaladora e placas (compensados)
773210;Prensista de aglomerados
773215;Prensista de compensados
773220;Preparador de aglomerantes
7733;Operadores de usinagem convencional de madeira
773305;Operador de desempenadeira na usinagem convencional de madeira
773310;Operador de entalhadeira (usinagem de madeira)
773315;Operador de fresadora (usinagem de madeira)
773320;Operador de lixadeira (usinagem de madeira)
773325;Operador de máquina de usinagem madeira, em geral
773330;Operador de molduradora (usinagem de madeira)
773335;Operador de plaina desengrossadeira
773340;Operador de serras (usinagem de madeira)
773345;Operador de torno automático (usinagem de madeira)
773350;Operador de tupia (usinagem de madeira)
773355;Torneiro na usinagem convencional de madeira
7734;Operadores de máquina de usinar madeira (produção em série)
773405;Operador de máquina bordatriz
773410;Operador de máquina de cortina d´água (produção de móveis)
773415;Operador de máquina de usinagem de madeira (produção em série)
773420;Operador de prensa de alta freqüência na usinagem de madeira
7735;Operadores de máquinas de usinagem de madeira cnc
773505;Operador de centro de usinagem de madeira (cnc)
773510;Operador de máquinas de usinar madeira (cnc)
774;TRABALHADORES DE MONTAGEM DE MÓVEIS E ARTEFATOS DE MADEIRA
7741;Montadores de móveis e artefatos de madeira
774105;Montador de móveis e artefatos de madeira
775;TRABALHADORES EM ACABAMENTO DE MADEIRA E DE MOBILIÁRIO
7751;Trabalhadores de arte e do acabamento em madeira do mobiliário
775105;Entalhador de madeira
775110;Folheador de móveis de madeira
775115;Lustrador de peças de madeira
775120;Marcheteiro
776;TRABALHADORES ARTESANAIS DA MADEIRA E DO MOBILIÁRIO
7764;Confeccionadores de artefatos de madeira, móveis de vime e afins
776405;Cesteiro
776410;Confeccionador de escovas, pincéis e produtos similares (a mão)
776415;Confeccionador de escovas, pincéis e produtos similares (a máquina)
776420;Confeccionador de móveis de vime, junco e bambu
776425;Esteireiro
776430;Vassoureiro
777;TRABALHADORES DA CARPINTARIA VEICULAR
7771;Carpinteiros navais
777105;Carpinteiro naval (construção de pequenas embarcações)
777110;Carpinteiro naval (embarcações)
777115;Carpinteiro naval (estaleiros)
7772;Carpinteiros de carrocerias e carretas
777205;Carpinteiro de carretas
777210;Carpinteiro de carrocerias
78;TRABALHADORES DE FUNÇÕES TRANSVERSAIS
780;SUPERVISORES DE TRABALHADORES DE EMBALAGEM E ETIQUETAGEM
7801;Supervisores de trabalhadores de embalagem e etiquetagem
780105;Supervisor de embalagem e etiquetagem
781;OPERADORES DE ROBÔS E EQUIPAMENTOS ESPECIAIS
7811;Condutores de processos robotizados
781105;Condutor de processos robotizados de pintura
781110;Condutor de processos robotizados de soldagem
7813;Operadores de veículos subaquáticos controlados remotamente
781305;Operador de veículos subaquáticos controlados remotamente
7817;Trabalhadores subaquáticos
781705;Mergulhador profissional (raso e profundo)
782;CONDUTORES DE VEÍCULOS E OPERADORES DE EQUIPAMENTOS DE ELEVAÇÃO E DE MOVIMENTAÇÃO DE CARGAS
7821;Operadores de máquinas e equipamentos de elevação
782105;Operador de draga
782110;Operador de guindaste (fixo)
782115;Operador de guindaste móvel
782120;Operador de máquina rodoferroviária
782125;Operador de monta-cargas (construção civil)
782130;Operador de ponte rolante
782135;Operador de pórtico rolante
782140;Operador de talha elétrica
782145;Sinaleiro (ponte-rolante)
7822;Operadores de equipamentos de movimentação de cargas
782205;Guincheiro (construção civil)
782210;Operador de docagem
782220;Operador de empilhadeira
7823;Motoristas de veículos de pequeno e médio porte
782305;Motorista de carro de passeio
782310;Motorista de furgão ou veículo similar
782315;Motorista de táxi
7824;Motoristas de ônibus urbanos, metropolitanos e rodoviários
782405;Motorista de ônibus rodoviário
782410;Motorista de ônibus urbano
782415;Motorista de trólebus
7825;Motoristas de veículos de cargas em geral
782505;Caminhoneiro autônomo (rotas regionais e internacionais)
782510;Motorista de caminhão (rotas regionais e internacionais)
782515;Motorista operacional de guincho
7826;Operadores de veículos sobre trilhos e cabos aéreos
782605;Operador de trem de metrô
782610;Maquinista de trem
782615;Maquinista de trem metropolitano
782620;Motorneiro
782625;Auxiliar de maquinista de trem
782630;Operador de teleférico (passageiros)
7827;Trabalhadores aquaviários
782705;Marinheiro de convés (marítimo e fluviário)
782710;Marinheiro de máquinas
782715;Moço de convés (marítimo e fluviário)
782720;Moço de máquinas (marítimo e fluviário)
782725;Marinheiro de esporte e recreio
7828;Condutores de animais e de veículos de tração animal e pedais
782805;Condutor de veículos de tração animal (ruas e estradas)
782810;Tropeiro
782815;Boiadeiro
782820;Condutor de veículos a pedais
783;TRABALHADORES DE MANOBRAS SOBRE TRILHOS E MOVIMENTAÇÃO E CARGAS
7831;Trabalhadores de manobras de transportes sobre trilhos
783105;Agente de pátio
783110;Manobrador
7832;Trabalhadores de cargas e descargas de mercadorias
783205;Carregador (aeronaves)
783210;Carregador (armazém)
783215;Carregador (veículos de transportes terrestres)
783220;Estivador
783225;Ajudante de motorista
784;EMBALADORES E ALIMENTADORES DE PRODUÇÃO
7841;Trabalhadores de embalagem e de etiquetagem
784105;Embalador, a mão
784110;Embalador, a máquina
784115;Operador de máquina de etiquetar
784120;Operador de máquina de envasar líquidos
784125;Operador de prensa de enfardamento
7842;Alimentadores de linhas de produção
784205;Alimentador de linha de produção
8;TRABALHADORES DA PRODUÇÃO DE BENS E SERVIÇOS INDUSTRIAIS
81;TRABALHADORES EM INDÚSTRIAS DE PROCESSOS CONTÍNUOS E OUTRAS INDÚSTRIAS
810;SUPERVISORES DE PRODUÇÃO, EM INDÚSTRIAS QUÍMICAS, PETROQUÍMICAS E AFINS
8101;Supervisores de produção em indústrias químicas, petroquímicas e afins
810105;Mestre (indústria petroquímica e carboquímica)
810110;Mestre de produção química
8102;Supervisores de produção em indústrias de transformação de plásticos e borrachas
810205;Mestre (indústria de borracha e plástico)
8103;Supervisores de produção em indústrias de produtos farmacêuticos, cosméticos e afins
810305;Mestre de produção farmacêutica
811;OPERADORES DE INSTALAÇÕES EM INDÚSTRIAS QUÍMICAS, PETROQUÍMICAS E AFINS
8110;Operadores polivalentes de equipamentos em indústrias químicas, petroquímicas e afins
811005;Operador de processos químicos e petroquímicos
811010;Operador de sala de controle de instalações químicas, petroquímicas e afins
8111;Operadores de equipamentos de moagem e mistura de materiais (tratamentos químicos e afins)
811105;Moleiro (tratamentos químicos e afins)
811110;Operador de máquina misturadeira (tratamentos químicos e afins)
811705;Bamburista
811115;Operador de britadeira (tratamentos químicos e afins)
811120;Operador de concentração
811125;Trabalhador da fabricação de resinas e vernizes
811130;Trabalhador de fabricação de tintas
8112;Operadores de calcinação e de tratamentos químicos de materiais radioativos
811205;Operador de calcinação (tratamento químico e afins)
811215;Operador de tratamento químico de materiais radioativos
8113;Operadores de equipamentos de filtragem e separação
811305;Operador de centrifugadora (tratamentos químicos e afins)
811310;Operador de exploração de petróleo
811315;Operador de filtro de secagem (mineração)
811320;Operador de filtro de tambor rotativo (tratamentos químicos e afins)
811325;Operador de filtro-esteira (mineração)
811330;Operador de filtro-prensa (tratamentos químicos e afins)
811335;Operador de filtros de parafina (tratamentos químicos e afins)
8114;Operadores de equipamentos de destilação, evaporação e reação
811405;Destilador de madeira
811410;Destilador de produtos químicos (exceto petróleo)
811415;Operador de alambique de funcionamento contínuo (produtos químicos, exceto petróleo)
811420;Operador de aparelho de reação e conversão (produtos químicos, exceto petróleo)
811425;Operador de equipamento de destilação de álcool
811430;Operador de evaporador na destilação
8115;Operadores de equipamentos de produção e refino de petróleo e gás
811505;Operador de painel de controle (refinação de petróleo)
811510;Operador de transferência e estocagem - na refinação do petróleo
8116;Operadores de equipamentos de coqueificação
811605;Operador de britador de coque
811610;Operador de carro de apagamento e coque
811615;Operador de destilação e subprodutos de coque
811620;Operador de enfornamento e desenfornamento de coque
811625;Operador de exaustor (coqueria)
811630;Operador de painel de controle
811635;Operador de preservação e controle térmico
811640;Operador de reator de coque de petróleo
811645;Operador de refrigeração (coqueria)
811650;Operador de sistema de reversão (coqueria)
8117;Operadores de instalações e máquinas de produtos plásticos, de borracha e moldadores de parafinas
811710;Calandrista de borracha
811715;Confeccionador de pneumáticos
811725;Confeccionador de velas por imersão
811735;Confeccionador de velas por moldagem
811745;Laminador de plástico
811750;Moldador de borracha por compressão
811760;Moldador de plástico por compressão
811770;Moldador de plástico por injeção
811775;Trefilador de borracha
8118;Operadores de máquinas e instalações de produtos farmacêuticos, cosméticos e afins
811805;Operador de máquina de produtos farmacêuticos
811810;Drageador (medicamentos)
811815;Operador de máquina de fabricação de cosméticos
811820;Operador de máquina de fabricação de produtos de higiene e limpeza (sabão, sabonete, detergente, absorvente, fraldas cotonetes e outr
812;TRABALHADORES DA FABRICAÇÃO DE MUNIÇÃO E EXPLOSIVOS QUÍMICOS
8121;Trabalhadores da fabricação de munição e explosivos químicos
812105;Pirotécnico
812110;Trabalhador da fabricação de munição e explosivos
813;OPERADORES DE OUTRAS INSTALAÇÕES QUÍMICAS, PETROQUÍMICAS E AFINS
8131;Operadores de processos das indústrias de transformação de produtos químicos, petroquímicos e afins
813105;Cilindrista (petroquímica e afins)
813110;Operador de calandra (química, petroquímica e afins)
813115;Operador de extrusora (química, petroquímica e afins)
813120;Operador de processo (química, petroquímica e afins)
813125;Operador de produção (química, petroquímica e afins)
813130;Técnico de operação (química, petroquímica e afins)
8181;Laboratoristas industriais auxiliares
818;OPERADORES DE OPERAÇÃO UNITÁRIA DE LABORATÓRIO (TRANSVERSAL PARA TODA INDÚSTRIA DE PROCESSOS)
818105;Assistente de laboratório industrial
818110;Auxiliar de laboratório de análises físico-químicas
82;TRABALHADORES DE INSTALAÇÕES SIDERÚRGICAS E DE MATERIAIS DE CONSTRUÇÃO
820;SUPERVISORES DE PRODUÇÃO EM INDÚSTRIAS SIDERÚRGICAS
8201;Supervisores de produção em indústrias siderúrgicas
820105;Mestre de siderurgia
820110;Mestre de aciaria
820115;Mestre de alto-forno
820120;Mestre de forno elétrico
820125;Mestre de laminação
8202;Supervisores na fabricação de materiais para construção (vidros e cerâmicas)
820205;Supervisor de fabricação de produtos cerâmicos, porcelanatos e afins
820210;Supervisor de fabricação de produtos de vidro
821;OPERADORES DE INSTALAÇÕES E EQUIPAMENTOS DE PRODUÇÃO DE METAIS E LIGAS- PRIMEIRA FUSÃO
8211;Operadores de instalações de sinterização
821105;Operador de centro de controle
821110;Operador de máquina de sinterizar
8212;Operadores de fornos de primeira fusão e aciaria
821205;Forneiro e operador (alto-forno)
821210;Forneiro e operador (conversor a oxigênio)
821215;Forneiro e operador (forno elétrico)
821220;Forneiro e operador (refino de metais não-ferrosos)
821225;Forneiro e operador de forno de redução direta
821230;Operador de aciaria (basculamento de convertedor)
821235;Operador de aciaria (dessulfuração de gusa)
821240;Operador de aciaria (recebimento de gusa)
821245;Operador de área de corrida
821250;Operador de desgaseificação
821255;Soprador de convertedor
8213;Operadores de equipamentos de laminação
821305;Operador de laminador
821310;Operador de laminador de barras a frio
821315;Operador de laminador de barras a quente
821320;Operador de laminador de metais não-ferrosos
821325;Operador de laminador de tubos
821330;Operador de montagem de cilindros e mancais
821335;Recuperador de guias e cilindros
8214;Operadores de equipamentos de acabamento de chapas e metais
821405;Encarregado de acabamento de chapas e metais (têmpera)
821410;Escarfador
821415;Marcador de produtos (siderúrgico e metalúrgico)
821420;Operador de bobinadeira de tiras a quente, no acabamento de chapas e metais
821425;Operador de cabine de laminação (fio-máquina)
821430;Operador de escória e sucata
821435;Operador de jato abrasivo
821440;Operador de tesoura mecânica e máquina de corte, no acabamento de chapas e metais
821445;Preparador de sucata e aparas
821450;Rebarbador de metal
822;OPERADORES DE INSTALAÇÕES E EQUIPAMENTOS DE PRODUÇÃO DE METAIS E LIGAS- SEGUNDA FUSÃO
8221;Forneiros metalúrgicos (segunda fusão e reaquecimento)
822105;Forneiro de cubilô
822110;Forneiro de forno-poço
822115;Forneiro de fundição (forno de redução)
822120;Forneiro de reaquecimento e tratamento térmico na metalurgia
822125;Forneiro de revérbero
823;TRABALHADORES DE INSTALAÇÕES E EQUIPAMENTOS DE MATERIAL DE CONSTRUÇÃO, CERÂMICA E VIDRO
8231;Operadores na preparação de massas para abrasivo, vidro, cerâmica, porcelana e materiais de construção
823105;Preparador de massa (fabricação de abrasivos)
823110;Preparador de massa (fabricação de vidro)
823115;Preparador de massa de argila
823120;Preparador de barbotina
823125;Preparador de esmaltes (cerâmica)
823130;Preparador de aditivos
823135;Operador de atomizador
8232;Operadores de equipamentos de fabricação e beneficiamento de cristais, vidros, cerâmicas, porcelanas, fibras de vidro, abrasivos e afins
823210;Extrusor de fios ou fibras de vidro
823215;Forneiro na fundição de vidro
823220;Forneiro no recozimento de vidro
841448;Lagareiro
823230;Moldador de abrasivos na fabricação de cerâmica, vidro e porcelana
823235;Operador de banho metálico de vidro por flutuação
823240;Operador de máquina de soprar vidro
823245;Operador de máquina extrusora de varetas e tubos de vidro
823250;Operador de prensa de moldar vidro
823255;Temperador de vidro
823265;Trabalhador na fabricação de produtos abrasivos
8233;Operadores de instalações e equipamentos de fabricação de materiais de construção
823305;Classificador e empilhador de tijolos refratários
823315;Forneiro (materiais de construção)
823320;Trabalhador da elaboração de pré-fabricados (cimento amianto)
823325;Trabalhador da elaboração de pré-fabricados (concreto armado)
823330;Trabalhador da fabricação de pedras artificiais
828;TRABALHADORES ARTESANAIS DA SIDERURGIA E DE MATERIAIS DE CONSTRUÇÃO
8281;Trabalhadores da fabricação de cerâmica estrutural para construção
828105;Oleiro (fabricação de telhas)
828110;Oleiro (fabricação de tijolos)
83;TRABALHADORES DE INSTALAÇÕES E MÁQUINAS DE FABRICAÇÃO DE CELULOSE E PAPEL
830;SUPERVISORES DA FABRICAÇÃO DE CELULOSE E PAPEL
8301;Supervisores da fabricação de celulose e papel
830105;Mestre (indústria de celulose, papel e papelão)
831;TRABALHADORES DA PREPARAÇÃO DE PASTA DE PAPEL
8311;Preparadores de pasta para fabricação de papel
831105;Cilindreiro na preparação de pasta para fabricação de papel
831110;Operador de branqueador de pasta para fabricação de papel
831115;Operador de digestor de pasta para fabricação de papel
831120;Operador de lavagem e depuração de pasta para fabricação de papel
831125;Operador de máquina de secar celulose
832;TRABALHADORES DA FABRICAÇÃO DE PAPEL
8321;Operadores de máquinas de fabricar papel e papelão
832105;Calandrista de papel
832110;Operador de cortadeira de papel
832115;Operador de máquina de fabricar papel (fase úmida)
832120;Operador de máquina de fabricar papel (fase seca)
832125;Operador de máquina de fabricar papel e papelão
832135;Operador de rebobinadeira na fabricação de papel e papelão
833;CONFECCIONADORES DE PRODUTOS DE PAPEL E PAPELÃO
8331;Operadores de máquinas na fabricação de produtos de papel e papelão
833105;Cartonageiro, a máquina
833110;Confeccionador de bolsas, sacos e sacolas e papel, a máquina
833115;Confeccionador de sacos de celofane, a máquina
833120;Operador de máquina de cortar e dobrar papelão
833125;Operador de prensa de embutir papelão
8332;Trabalhadores artesanais de produtos de papel e papelão
833205;Cartonageiro, a mão (caixas de papelão)
84;TRABALHADORES DA FABRICAÇÃO DE ALIMENTOS, BEBIDAS E FUMO
840;SUPERVISORES DA FABRICAÇÃO DE ALIMENTOS, BEBIDAS E FUMO
8401;Supervisores da fabricação de alimentos, bebidas e fumo
840105;Supervisor de produção da indústria alimentícia
840110;Supervisor da indústria de bebidas
840115;Supervisor da indústria de fumo
840120;Chefe de confeitaria
841;OPERADORES DE EQUIPAMENTOS NA PREPARAÇÃO DE ALIMENTOS E BEBIDAS
8411;Trabalhadores da indústria de beneficiamento de grãos, cereais e afins
841105;Moleiro de cereais (exceto arroz)
841110;Moleiro de especiarias
841115;Operador de processo de moagem
8412;Trabalhadores no beneficiamento do sal
841205;Moedor de sal
841210;Refinador de sal
8413;Trabalhadores na fabricação e refino de açúcar
841305;Operador de cristalização na refinação de açucar
841310;Operador de equipamentos de refinação de açúcar (processo contínuo)
841315;Operador de moenda na fabricação de açúcar
841320;Operador de tratamento de calda na refinação de açúcar
8414;Trabalhadores na fabricação e conservação de alimentos
841408;Cozinhador (conservação de alimentos)
841416;Cozinhador de carnes
841420;Cozinhador de frutas e legumes
841428;Cozinhador de pescado
841432;Desidratador de alimentos
841440;Esterilizador de alimentos
841444;Hidrogenador de óleos e gorduras
841456;Operador de câmaras frias
841460;Operador de preparação de grãos vegetais (óleos e gorduras)
841464;Prensador de frutas (exceto oleaginosas)
841468;Preparador de rações
841472;Refinador de óleo e gordura
841476;Trabalhador de fabricação de margarina
841484;Trabalhador de preparação de pescados (limpeza)
8415;Trabalhadores na pasteurização do leite e na fabricação de laticínios e afins
841505;Trabalhador de tratamento do leite e fabricação de laticínios e afins
8416;Trabalhadores na industrialização de café, cacau, mate e de produtos afins
841605;Misturador de café
841610;Torrador de café
841615;Moedor de café
841620;Operador de extração de café solúvel
841625;Torrador de cacau
841630;Misturador de chá ou mate
8417;Trabalhadores na fabricação de cachaça, cerveja, vinhos e outras bebidas
841705;Alambiqueiro
841710;Filtrador de cerveja
841715;Fermentador
841720;Trabalhador de fabricação de vinhos
841725;Malteiro (germinação)
841730;Cozinhador de malte
841735;Dessecador de malte
841740;Vinagreiro
841745;Xaropeiro
8418;Operadores de equipamentos na fabricação de pães, massas alimentícias, doces, chocolates e achocolatados
841805;Operador de forno (fabricação de pães, biscoitos e similares)
841810;Operador de máquinas de fabricação de doces, salgados e massas alimentícias
841815;Operador de máquinas de fabricação de chocolates e achocolatados
842;OPERADORES NA PREPARAÇÃO DE FUMO E NA FABRICAÇÃO DE CHARUTOS E CIGARROS
8421;Cigarreiros e beneficiadores de fumo
842105;Preparador de melado e essência de fumo
842110;Processador de fumo
842115;Classificador de fumo
842120;Auxiliar de processamento de fumo
842125;Operador de máquina (fabricação de cigarros)
842135;Operador de máquina de preparação de matéria prima para produção de cigarros
8422;Charuteiros
842205;Preparador de fumo na fabricação de charutos
842210;Operador de máquina de fabricar charutos e cigarrilhas
842215;Classificador de charutos
842220;Cortador de charutos
842225;Celofanista na fabricação de charutos
842230;Charuteiro a mão
842235;Degustador de charutos
8423;Cigarreiros
848;TRABALHADORES ARTESANAIS NA AGROINDÚSTRIA, NA INDÚSTRIA DE ALIMENTOS E DO FUMO
8481;Trabalhadores artesanais na conservação de alimentos
848105;Defumador de carnes e pescados
848110;Salgador de alimentos
848115;Salsicheiro (fabricação de lingüiça, salsicha e produtos similares)
8482;Trabalhadores artesanais na pasteurização do leite e na fabricação de laticínios e afins
848205;Pasteurizador
848210;Queijeiro na fabricação de laticínio
848215;Manteigueiro na fabricação de laticínio
8483;Padeiros, confeiteiros e afins
848305;Padeiro
848310;Confeiteiro
848315;Masseiro (massas alimentícias)
848325;Trabalhador de fabricação de sorvete
8484;Trabalhadores na degustação e classificação de grãos e afins
848405;Degustador de café
848410;Degustador de chá
848415;Degustador de derivados de cacau
848420;Degustador de vinhos ou licores
848425;Classificador de grãos
8485;Magarefes e afins
848505;Abatedor
848510;Açougueiro
848515;Desossador
848520;Magarefe
848525;Retalhador de carne
8486;Trabalhadores artesanais na indústria do fumo
848605;Trabalhador do beneficiamento de fumo
860;SUPERVISORES DA PRODUÇÃO DE UTILIDADES
86;OPERADORES DE PRODUÇÃO, CAPTAÇÃO, TRATAMENTO E DISTRIBUIÇÃO (ENERGIA, ÁGUA E UTILIDADES)
8601;Supervisores da produção de utilidades
860105;Supervisor de manutenção eletromecânica (utilidades)
860110;Supervisor de operação de fluidos (distribuição, captação, tratamento de água, gases, vapor)
860115;Supervisor de operação elétrica (geração, transmissão e distribuição de energia elétrica)
861;OPERADORES NA GERAÇÃO E DISTRIBUIÇÃO DE ENERGIA (CENTRAIS HIDRELÉTRICAS, TERMELÉTRICAS E NUCLEARES)
8611;Operadores de instalações de geração e distribuição de energia elétrica, hidráulica, térmica ou nuclear
861105;Operador de central hidrelétrica
861110;Operador de quadro de distribuição de energia elétrica
861115;Operador de central termoelétrica
861120;Operador de reator nuclear
8612;Operadores de instalações de distribuição de energia elétrica
861205;Operador de subestação
862;OPERADORES DE UTILIDADES
8621;Operadores de máquinas a vapor e utilidades
862105;Foguista (locomotivas a vapor)
862110;Maquinista de embarcações
862115;Operador de bateria de gás de hulha
862120;Operador de caldeira
862130;Operador de compressor de ar
862140;Operador de estação de bombeamento
862150;Operador de máquinas fixas, em geral
862155;Operador de utilidade (produção e distribuição de vapor, gás, óleo, combustível, energia, oxigênio)
8622;Operadores de instalações de captação, tratamento e distribuição de água
862205;Operador de estação de captação, tratamento e distribuição de água
8623;Operadores de instalações de captação e esgotos
862305;Operador de estação de tratamento de água e efluentes
862310;Operador de forno de incineração no tratamento de água, efluentes e resíduos industriais
8624;Operadores de instalações de extração, processamento, envasamento e distribuição de gases
862405;Operador de instalação de extração, processamento, envasamento e distribuição de gases
8625;Operadores de instalações de refrigeração e ar-condicionado
862505;Operador de instalação de refrigeração
862510;Operador de refrigeração com amônia
862515;Operador de instalação de ar-condicionado
87;OPERADORES DE OUTRAS INSTALAÇÕES INDUSTRIAIS
871;OPERADORES DE OUTRAS INSTALAÇÕES INDUSTRIAIS
9;TRABALHADORES EM SERVIÇOS DE REPARAÇÃO E MANUTENÇÃO
91;TRABALHADORES EM SERVIÇOS DE REPARAÇÃO E MANUTENÇÃO MECÂNICA
910;SUPERVISORES EM SERVIÇOS DE REPARAÇÃO E MANUTENÇÃO MECÂNICA
9101;Supervisores em serviços de reparação e manutenção de máquinas e equipamentos industriais, comerciais e residenciais
910105;Encarregado de manutenção mecânica de sistemas operacionais
910110;Supervisor de manutenção de aparelhos térmicos, de climatização e de refrigeração
910115;Supervisor de manutenção de bombas, motores, compressores e equipamentos de transmissão
910120;Supervisor de manutenção de máquinas gráficas
910125;Supervisor de manutenção de máquinas industriais têxteis
910130;Supervisor de manutenção de máquinas operatrizes e de usinagem
9102;Supervisores em serviços de reparação e manutenção veicular
910205;Supervisor da manutenção e reparação de veículos leves
910210;Supervisor da manutenção e reparação de veículos pesados
9109;Supervisores de outros trabalhadores de serviços de reparação, conservação e manutenção
910905;Supervisor de reparos linhas férreas
910910;Supervisor de manutenção de vias férreas
911;MECÂNICOS DE MANUTENÇÃO DE MÁQUINAS E EQUIPAMENTOS INDUSTRIAIS, COMERCIAIS E RESIDENCIAIS
9111;Mecânicos de manutenção de bombas, motores, compressores e equipamentos de transmissão
911105;Mecânico de manutenção de bomba injetora (exceto de veículos automotores)
9191;Lubrificadores
911110;Mecânico de manutenção de bombas
911115;Mecânico de manutenção de compressores de ar
911120;Mecânico de manutenção de motores diesel (exceto de veículos automotores)
911125;Mecânico de manutenção de redutores
911130;Mecânico de manutenção de turbinas (exceto de aeronaves)
911135;Mecânico de manutenção de turbocompressores
9112;Mecânicos de manutenção e instalação de aparelhos de climatização e refrigeração
911205;Mecânico de manutenção e instalação de aparelhos de climatização e refrigeração
9113;Mecânicos de manutenção de máquinas industriais
911305;Mecânico de manutenção de máquinas, em geral
911310;Mecânico de manutenção de máquinas gráficas
911315;Mecânico de manutenção de máquinas operatrizes (lavra de madeira)
911320;Mecânico de manutenção de máquinas têxteis
911325;Mecânico de manutenção de máquinas-ferramentas (usinagem de metais)
913;MECÂNICOS DE MANUTENÇÃO DE MÁQUINAS PESADAS E EQUIPAMENTOS AGRÍCOLAS
9131;Mecânicos de manutenção de máquinas pesadas e equipamentos agrícolas
913105;Mecânico de manutenção de aparelhos de levantamento
913110;Mecânico de manutenção de equipamento de mineração
913115;Mecânico de manutenção de máquinas agrícolas
913120;Mecânico de manutenção de máquinas de construção e terraplenagem
914;MECÂNICOS DE MANUTENÇÃO VEICULAR
9141;Mecânicos de manutenção aeronáutica
914105;Mecânico de manutenção de aeronaves, em geral
914110;Mecânico de manutenção de sistema hidráulico de aeronaves (serviços de pista e hangar)
9142;Mecânicos de manutenção de motores e equipamentos navais
914205;Mecânico de manutenção de motores e equipamentos navais
9143;Mecânicos de manutenção metroferroviária
914305;Mecânico de manutenção de veículos ferroviários
9144;Mecânicos de manutenção de veículos automotores
914405;Mecânico de manutenção de automóveis, motocicletas e veículos similares
914410;Mecânico de manutenção de empilhadeiras e outros veículos de cargas leves
914415;Mecânico de manutenção de motocicletas
914420;Mecânico de manutenção de tratores
914425;Mecânico de veículos automotores a diesel (exceto tratores)
915;REPARADORES DE INSTRUMENTOS E EQUIPAMENTOS DE PRECISÃO
9151;Técnicos em manutenção e reparação de instrumentos de medição e precisão
915105;Técnico em manutenção de instrumentos de medição e precisão
915110;Técnico em manutenção de hidrômetros
915115;Técnico em manutenção de balanças
9152;Restauradores de instrumentos musicais
915205;Restaurador de instrumentos musicais (exceto cordas arcadas)
915210;Reparador de instrumentos musicais
915215;Luthier (restauração de cordas arcadas)
9153;Técnicos em manutenção e reparação de equipamentos biomédicos
915305;Técnico em manutenção de equipamentos e instrumentos médico-hospitalares
9154;Reparadores de equipamentos fotográficos
915405;Reparador de equipamentos fotográficos
919;OUTROS TRABALHADORES NA REPARAÇÃO E MANUTENÇÃO DE EQUIPAMENTOS
919105;Lubrificador industrial
919110;Lubrificador de veículos automotores (exceto embarcações)
919115;Lubrificador de embarcações
9192;Trabalhadores de manutenção de roçadeiras, motoserras e similares
919205;Mecânico de manutenção de máquinas cortadoras de grama, roçadeiras, motosserras e similares
9193;Mecânicos de manutenção de bicicletas e equipamentos esportivos e de ginástica
919305;Mecânico de manutenção de aparelhos esportivos e de ginástica
919310;Mecânico de manutenção de bicicletas e veículos similares
919315;Montador de bicicletas
95;POLIMANTENEDORES
950;SUPERVISORES DE MANUTENÇÃO ELETROELETRÔNICA E ELETROMECÂNICA
950105;Supervisor de manutenção elétrica de alta tensão industrial
9501;Supervisores de manutenção eletroeletrônica industrial, comercial e predial
950110;Supervisor de manutenção eletromecânica industrial, comercial e predial
9502;Supervisores de manutenção eletroeletrônica veicular
950205;Encarregado de manutenção elétrica de veículos
9503;Supervisores de manutenção eletromecânica
950305;Supervisor de manutenção eletromecânica
951;ELETRICISTAS ELETRÔNICOS DE MANUTENÇÃO INDUSTRIAL, COMERCIAL E RESIDENCIAL
9511;Eletricistas de manutenção eletroeletrônica
951105;Eletricista de manutenção eletroeletrônica
9513;Instaladores e mantenedores de sistemas eletroeletrônicos de segurança
951305;Instalador de sistemas eletroeletrônicos de segurança
951310;Mantenedor de sistemas eletroeletrônicos de segurança
953;ELETRICISTAS ELETRÔNICOS DE MANUTENÇÃO VEICULAR
9531;Eletricistas eletrônicos de manutenção veicular (aérea, terrestre e naval)
953105;Eletricista de instalações (aeronaves)
953110;Eletricista de instalações (embarcações)
953115;Eletricista de instalações (veículos automotores e máquinas operatrizes, exceto aeronaves e embarcações)
954;MANTENEDORES ELETROMECÂNICOS
9541;Instaladores e mantenedores eletromecânicos de elevadores, escadas e portas automáticas
954105;Eletromecânico de manutenção de elevadores
954110;Eletromecânico de manutenção de escadas rolantes
954115;Eletromecânico de manutenção de portas automáticas
954120;Mecânico de manutenção de instalações mecânicas de edifícios
954125;Operador eletromecânico
9542;Reparadores de aparelhos eletrodomésticos
954205;Reparador de aparelhos eletrodomésticos (exceto imagem e som)
954210;Reparador de rádio, tv e som
9543;Reparadores de equipamentos de escritório
954305;Reparador de equipamentos de escritório
99;OUTROS TRABALHADORES DA CONSERVAÇÃO, MANUTENÇÃO E REPARAÇÃO
991;OUTROS TRABALHADORES DA CONSERVAÇÃO E MANUTENÇÃO (EXCETO TRABALHADORES ELEMENTARES)
9911;Conservadores de vias permanentes (trilhos)
991105;Conservador de via permanente (trilhos)
991110;Inspetor de via permanente (trilhos)
991115;Operador de máquinas especiais em conservação de via permanente (trilhos)
991120;Soldador aluminotérmico em conservação de trilhos
9912;Mantenedores de equipamentos de parques de diversões e similares
991205;Mantenedor de equipamentos de parques de diversões e similares
9913;Reparadores de carrocerias de veículos
991305;Funileiro de veículos (reparação)
991310;Montador de veículos (reparação)
991315;Pintor de veículos (reparação)
9914;Mantenedores de edificações
992;TRABALHADORES ELEMENTARES DA MANUTENÇÃO
9921;Trabalhadores elementares de serviços de manutenção veicular
992105;Alinhador de pneus
992110;Balanceador
992115;Borracheiro
992120;Lavador de peças
9922;Trabalhadores operacionais de conservação de vias permanentes (exceto trilhos)
992205;Encarregado geral de operações de conservação de vias permanentes (exceto trilhos)
992210;Encarregado de equipe de conservação de vias permanentes (exceto trilhos)
992215;Operador de ceifadeira na conservação de vias permanentes
992220;Pedreiro de conservação de vias permanentes (exceto trilhos)
992225;Auxiliar geral de conservação de vias permanentes (exceto trilhos)
141525;Gerente de turismo
142120;Tecnólogo em gestão administrativo- financeira
142535;Tecnólogo em gestão da tecnologia da informação
212320;Administrador em segurança da informação
213215;Tecnólogo em processos químicos
2140;Engenheiros ambientais e afins
214010;Tecnólogo em meio ambiente
214280;Tecnólogo em construção civil
214370;Tecnólogo em telecomunicações
214435;Tecnólogo em fabricação mecânica
214535;Tecnólogo em produção sulcroalcooleira
214615;Tecnólogo em metalurgia
214745;Tecnólogo em petróleo e gás
214750;Tecnólogo em rochas ornamentais
214930;Tecnólogo em produção industrial
214935;Tecnólogo em segurança do trabalho
2222;Engenheiros de alimentos e afins
222205;Engenheiro de alimentos
222215;Tecnólogo em alimentos
223293;Cirurgião-dentista da estratégia de saúde da família
223565;Enfermeiro da estratégia de saúde da família
225;PROFISSIONAIS DA MEDICINA
251555;Psicólogo acupunturista
2526;Profissionais da administração dos serviços de segurança
252605;Gestor em segurança
262130;Tecnólogo em produção fonográfica
262135;Tecnólogo em produção audiovisual
262420;Desenhista industrial de produto (designer de produto)
262425;Desenhista industrial de produto de moda (designer de moda)
2711;Chefes de cozinha e afins
271110;Tecnólogo em gastronomia
322245;Técnico de enfermagem da estratégia de saúde da família
322250;Auxiliar de enfermagem da estratégia de saúde da família
322425;Técnico em saúde bucal da estratégia de saúde da família
322430;Auxiliar em saúde bucal da estratégia de saúde da família
342125;Tecnólogo em logística de transporte
411050;Agente de microcrédito
423110;Despachante de trânsito
515125;Agente indígena de saúde
515130;Agente indígena de saneamento
517335;Guarda portuário
79;TRABALHADORES DO ARTESANATO
791;TRABALHADORES DO ARTESANATO URBANO E RURAL
2251;Médicos clínicos
2252;Médicos em especialidades cirúrgicas
2253;Médicos em medicina diagnóstica e terapêutica
131215;Tecnólogo em gestão hospitalar
142710;Tecnólogo em sistemas biomédicos
223570;Perfusionista
225122;Médico cancerologista pediátrico
225203;Médico em cirurgia vascular
225280;Médico coloproctologista
225290;Médico cancerologista cirurgião
225295;Médico cirurgião da mão
225335;Médico patologista clínico / medicina laboratorial
225345;Médico hiperbarista
252320;Técnologo em secretariado escolar
324120;Técnologo em radiologia
334115;Monitor de transporte escolar
375120;Decorador de eventos
515135;Socorrista (exceto médicos e enfermeiros)
516220;Cuidador em saúde
519210;Selecionador de material reciclável
519215;Operador de prensa de material reciclável
225105;Médico acupunturista
225110;Médico alergista e imunologista
225148;Médico anatomopatologista
225151;Médico anestesiologista
225115;Médico angiologista
225120;Médico cardiologista
225210;Médico cirurgião cardiovascular
225215;Médico cirurgião de cabeça e pescoço
225220;Médico cirurgião do aparelho digestivo
225225;Médico cirurgião geral
225230;Médico cirurgião pediátrico
225235;Médico cirurgião plástico
225240;Médico cirurgião torácico
225305;Médico citopatologista
225125;Médico clínico
225130;Médico de família e comunidade
225135;Médico dermatologista
225140;Médico do trabalho
225310;Médico em endoscopia
225145;Médico em medicina de tráfego
225150;Médico em medicina intensiva
225315;Médico em medicina nuclear
225320;Médico em radiologia e diagnóstico por imagem
225155;Médico endocrinologista e metabologista
225160;Médico fisiatra
225165;Médico gastroenterologista
225170;Médico generalista
225175;Médico geneticista
225180;Médico geriatra
225250;Médico ginecologista e obstetra
225185;Médico hematologista
225340;Médico hemoterapeuta
225195;Médico homeopata
225103;Médico infectologista
225106;Médico legista
225255;Médico mastologista
225109;Médico nefrologista
225260;Médico neurocirurgião
225350;Médico neurofisiologista clínico
225112;Médico neurologista
225118;Médico nutrologista
225265;Médico oftalmologista
225121;Médico oncologista clínico
225270;Médico ortopedista e traumatologista
225275;Médico otorrinolaringologista
225325;Médico patologista
225124;Médico pediatra
225127;Médico pneumologista
225133;Médico psiquiatra
225330;Médico radioterapeuta
225136;Médico reumatologista
225139;Médico sanitarista
225285;Médico urologista
225142;Médico da estratégia de saúde da família
